1 254 252
120 224 50
223 71 78
62 149 53
233 41 143
255 134 26
104 64 240
211 252 6
90 134 138
65 145 177
38 24 39
139 68 243
195 33 11
137 131 47
37 113 188
161 143 219
127 116 155
67 207 234
206 159 231
179 230 141
120 167 60
186 145 179
196 104 147
163 61 142
197 225 34
188 36 36
196 48 251
134 138 15
96 188 216
208 209 37
55 30 205
239 223 25
224 251 16
0 16 242
236 30 48
35 13 144
166 63 97
180 131 26
26 208 58
198 134 232
64 38 162
171 107 132
30 51 217
189 176 55
199 116 11
187 161 6
200 49 169
48 210 212
175 141 66
240 241 31
200 39 29
145 89 101
23 180 116
225 19 154
208 56 21
9 236 47
98 153 118
10 127 62
137 16 35
127 179 82
233 253 186
87 172 35
156 14 247
241 108 34
113 18 11
163 239 94
226 210 206
115 174 17
87 169 152
193 155 251
240 74 63
107 89 108
72 219 54
87 43 130
96 248 212
208 234 79
5 180 25
37 68 144
115 203 162
184 179 190
106 127 77
195 65 203
161 171 185
239 14 35
30 144 206
119 147 31
129 121 177
174 37 32
4 241 116
95 114 102
252 105 8
127 82 31
243 133 177
209 180 191
60 16 5
16 200 116
54 10 193
241 55 144
207 215 107
145 22 66
62 42 55
163 21 202
17 73 41
129 90 197
244 100 38
224 20 10
254 86 230
175 234 184
214 135 150
215 15 34
201 246 156
92 199 31
101 98 222
128 181 212
183 74 122
69 41 48
222 188 226
146 51 61
169 142 44
100 109 205
64 27 34
94 109 186
21 162 138
64 239 81
31 51 45
56 104 52
77 5 105
32 93 74
129 24 95
2 108 90
47 243 100
144 69 36
252 130 194
159 94 131
107 78 112
151 116 187
3 164 119
183 115 68
168 140 208
182 17 102
222 59 74
189 182 86
11 187 133
184 54 194
16 141 90
238 148 168
14 22 87
100 179 160
103 9 182
191 49 159
131 72 56
169 46 83
234 252 129
113 186 247
16 215 48
142 8 51
195 102 186
106 238 101
253 48 132
184 190 174
134 31 248
211 69 202
230 72 47
3 37 23
172 108 226
152 65 252
73 114 134
131 99 2
63 21 21
206 180 253
83 186 1
37 29 175
91 253 115
29 13 244
112 189 173
104 206 234
67 119 38
223 193 9
6 168 40
191 222 15
150 178 162
177 227 203
157 210 37
3 96 0
176 176 39
7 165 17
126 235 198
151 121 72
91 178 11
122 22 128
197 195 54
18 65 206
255 16 223
194 61 44
12 91 8
161 247 143
78 179 237
123 252 50
239 130 235
129 165 199
75 61 174
86 248 199
24 82 120
60 108 212
24 250 43
160 81 38
218 231 235
35 141 155
72 125 237
17 252 27
156 111 197
56 242 9
53 79 229
84 69 114
125 218 188
205 11 219
119 218 196
166 233 207
76 53 214
173 235 132
101 86 26
72 65 156
219 121 4
67 213 38
247 240 50
198 214 254
2 143 227
29 23 15
250 222 231
204 171 120
171 0 44
140 237 11
234 173 51
5 187 254
191 229 58
118 248 200
144 255 160
79 32 115
102 207 18
241 27 142
185 9 225
135 121 37
192 69 28
239 84 127
158 24 107
179 159 102
139 89 194
248 26 161
231 42 250
72 231 5
52 74 125
222 192 114
36 227 213
199 213 237
75 187 59
71 126 12
