-49564
597304
-649607
-326307
212953
519269
110763
840060
-189945
932622
851281
-420862
102334
-499065
34765
420903
604852
-576363
425415
535850
-899183
452677
-200575
-236098
116998
549225
963016
-801390
-893800
238384
-156666
-478980
118523
471009
373749
-585151
551321
453300
-301842
402691
655026
-4531
907743
5064
541597
101589
-12197
905635
-76372
-929865
180684
-168575
5933
-188812
-47549
-610799
-929267
431524
476912
-476591
-184296
463370
-801363
-653774
980571
-415278
-43212
149607
-952917
-471959
-140686
215759
-999618
-857095
337139
-809731
41334
-875264
483452
-631584
-485314
-244980
-541513
170644
97805
-72939
224265
-642236
-629752
-337033
247680
-141767
-802876
642826
143464
128644
-855127
-690592
686717
344772
-668558
-266214
-11462
-317163
-789296
129767
-975536
863893
730158
-676198
488114
-869612
-905584
-451353
376525
-451368
-107883
-349893
-966827
825737
-465125
-455883
-272069
-313409
718977
-566972
-900550
251815
-758649
714206
-611567
763340
-955182
576217
126923
309000
435085
-449174
-675270
-224378
553129
-398279
892034
296818
-43196
939933
-149423
466752
-706137
81017
633772
635030
689770
635442
-212379
-750761
-912846
-144948
339753
-135091
583323
823968
542645
307314
183216
-720836
-598615
-579493
939415
812887
912885
-345790
-836790
622959
-273680
-604370
-207488
-445567
792327
-97727
-793558
-91932
-491758
769566
237081
729539
-307774
-958219
391356
743861
277943
-911700
964871
877051
-817490
-544981
85360
-822187
-483752
953156
584595
-937599
-256059
225214
-78346
80721
-681089
-705411
89318
-576536
820148
521423
717824
452368
877323
-569003
158412
-121285
414871
-561396
-899453
141717
508265
-435081
616177
266690
952127
714603
-491915
-217415
653659
25334
356006
-738628
-683921
265581
258576
73715
876596
-403183
372124
95140
871834
34269
-852211
-359790
556442
-909841
75943
-689041
-550617
-69744
-867094
253822
881218
713698
-254596
-935606
-356435
-746203
-206556
-901124
171831
-838490
-542862
-715811
756534
-733500
-694019
785257
-346861
929440
704197
878220
813951
-657952
639542
134908
735300
223392
-538802
-278606
-624458
-283913
-356011
479110
-865720
747041
369355
-354842
346683
611278
-294176
133810
483184
751366
-480099
-484425
-469409
-612169
407328
592071
896288
481629
-4732
476913
371367
-591924
-256801
141027
586253
-491747
151525
-933416
310793
165043
889385
-127553
688765
-511512
-530940
-7190
-889811
-964775
844430
-341137
246666
-389685
-653623
567583
-575700
-103111
-780322
-557280
511711
599291
374655
-306902
-815788
273940
-5397
41050
-105735
-812264
-116592
-331082
-656925
697144
-612662
198334
-30874
405356
244810
-925525
731847
-710980
594962
-454969
-31095
-158934
-265444
-502296
379235
88127
-78694
411018
-592301
-403535
665561
-480504
570572
-37203
387903
-99337
999307
-655161
-252045
-12641
-346104
-303364
-778725
932375
-627961
892512
-16448
280700
-940083
313064
-212529
33742
657904
-138026
900921
-370329
-595256
-731075
-151623
322840
-926846
74288
309941
882017
-616109
364427
974270
-611763
211272
-458147
-369486
985704
-279364
-899471
380673
-564002
274276
-163464
91148
614578
841988
673876
-557527
-34153
-81724
56579
-12989
424430
440349
-191962
302495
-474787
-65554
554797
198329
674952
288683
-861791
288973
301295
-11724
-375282
539761
-767388
-307260
215051
-45601
-84569
723072
398312
-230319
-635232
666799
-130702
-423931
880952
778889
720741
-386208
-209708
779304
217455
-729041
859630
749339
-475811
277256
994386
-647014
-434844
-677169
-747533
783699
-42482
986324
-302744
-152861
-923328
-604902
-380666
-449184
141412
-722125
-570598
-30189
-382793
-841274
-179901
-685117
-918096
3635
-327830
-655828
198796
-133043
-738720
-507633
-692749
-134586
599058
-711965
-680248
616361
315243
-474199
-465390
701824
178630
-815139
-893566
-527467
-48497
-246008
248096
901974
-647179
615410
-744938
-383279
769869
-481547
681369
-300833
-50810
170733
886640
-932002
497093
695500
933026
-219881
-299747
906570
-678336
-494146
861932
-881095
679500
407447
-53163
623222
-174779
-636619
626005
-89092
728272
542429
-699388
412050
672005
69002
-157461
964005
-236717
882442
-970372
-321488
409232
305094
13362
-366889
184480
-827489
-569914
-869740
-492735
237427
-507765
904200
-633358
-44354
534374
-121741
-235778
979037
-164498
-881601
134313
429294
-703460
-599753
-902923
41300
130351
754773
993937
-258089
-16865
-850376
-837537
284776
-947013
-776140
-197087
-343295
958945
444676
-933441
-217941
376026
913178
64567
972313
739408
877335
599841
-53774
494700
98134
-280226
-62932
-987760
8099
60253
-666092
943022
263818
-714103
-109334
-825917
-489399
597459
-403544
-797580
162407
294615
278499
-897981
707166
116269
-259381
915694
-919309
-314417
453837
746340
411047
-196062
145751
-666524
403654
234787
626363
204341
-85732
-561489
530221
-58628
607431
436078
-585753
-986051
224424
427102
-251156
339057
153587
826872
32744
862399
533094
-998144
211510
-177317
381463
56814
217468
-959880
282597
649332
649329
-640533
-333808
583596
352319
187997
843877
-841632
77188
301357
-505326
-778507
-62990
698464
-350952
-973964
-720875
41029
-976419
-110282
-67148
979626
-579487
-127828
715601
-584524
-171895
981448
-497204
823391
-336233
148876
83748
-640365
424891
602413
-916516
-427681
522818
819939
392060
-644012
678509
-978480
350766
547456
-559267
-266742
356617
201222
417193
883527
112620
-487081
-546798
-116956
436608
266383
-91058
919442
-704289
776430
46464
-101154
294995
902129
-873399
281179
-794314
-582260
114040
-244563
868089
587783
-569763
316085
-19775
911218
-157893
-168172
73644
848966
790363
-462242
800306
-668262
-61635
804317
-350426
265983
-112662
643967
-261926
418040
-697243
404957
-298654
507929
-322624
7528
-783758
204347
-155062
-736078
30433
713561
550118
-387754
541518
32394
113143
-117882
-416287
979739
603255
-130001
-511445
673736
910119
-907701
915751
-545385
57184
517314
-478494
-321582
-561399
-334466
-249802
-422497
34
-228982
-227662
-228803
-14084
829541
-245482
636125
335883
-106135
-142343
-427493
814164
-202413
-524019
657943
-289536
230894
-990725
-324556
-883309
496481
-18072
173421
376246
-675695
-411111
-476081
-158416
-180940
31155
-381929
372339
-479628
-870245
-547864
601811
-836805
-718212
390184
-265391
401569
563303
-840583
-251882
-725904
-486636
709455
951803
-947120
640838
355891
-93883
-933740
962509
145939
-9746
-242145
-81883
22723
804126
-402060
172732
-257772
-843207
284762
33873
-751985
719889
-968536
-512776
-946737
-678340
-64206
-80710
-564104
-310527
445392
90585
-894504
521964
750216
251056
122008
-920703
-275369
-839367
-284258
-799731
-283231
678953
-733821
540696
330290
264502
-16468
761974
-904720
-129800
744455
656253
523424
-794131
585444
-471600
-379055
-350825
710893
-613158
310376
637632
-96444
24407
-873399
439774
-240329
-776692
-823521
237457
661794
255383
582729
923080
247394
-101279
133474
579204
-280079
93615
-878614
-634699
-483037
-692136
621078
713024
117756
-852079
-421840
-467294
-789972
286820
33708
514222
-87640
206015
548553
-348174
-602523
-700503
-518048
504120
71731
-829553
596941
614568
-757323
177981
-729865
-179701
110329
-246424
509437
-485462
699832
86631
-406786
-801964
-150741
638594
928389
243327
216199
-566557
-563568
594950
495639
-525910
-791877
-63215
54261
-59236
931726
-954477
-658075
369147
765024
-322836
-562354
-454416
212325
218542
-426282
-402267
181467
-939780
-859495
-115473
-692658
-477426
98437
738345
547459
