-7798969
-4278097
8421260
-4627060
-9353223
-7201815
8170121
-1559239
-7981638
-364596
8732344
632564
-4163796
2345598
9253796
1850239
-7756529
-8453434
5813110
-8177111
8149936
2994740
-8343433
-3532088
4652782
-5695905
-7438557
-5377595
2317034
2637127
5678310
-6515375
8177994
-1405992
6246774
-5066570
4562730
-3107696
-5690676
8297416
-5281631
6753079
1707968
1722490
-1643029
-5952819
-301248
6495373
8550200
-5242750
-7983316
-2903198
-3797232
9044703
-7706671
-7995663
8023393
-6557694
-8429567
-9764654
-3210713
164870
9108939
1422457
-3224138
2634881
9446621
-3241345
-8101977
3290407
-4577422
2518555
9826397
-4484469
-9300743
1051311
-2031310
7733766
-3356604
-7369857
4193603
3109040
-7862423
7515004
-3397931
-149365
610105
1378878
-1488797
1185216
2515802
7204625
1305669
-4349439
-5616636
3645990
8005374
1863181
1911380
-5724181
-7945438
-5033902
6368336
-605835
-6630686
-4858452
2325624
3161624
-581066
8962380
7388677
2730265
1181606
1422260
-2718783
-7370885
-5729612
9366750
1926786
7203317
-6772503
6330748
-8561852
-3975163
9121403
-8257701
-2929182
9586718
-1721193
-1373215
1053041
1305341
-1305775
-6946891
8496185
5727770
-339930
-263043
-2727855
6922809
-262614
-9621566
4144342
-3774433
-7044398
-3683855
3147208
-7153310
1382240
5836667
118657
-1971878
-2414361
-7778021
5066450
-6456012
9682426
-7422153
-1939013
-852187
-7770379
-4347552
1273543
-1491526
-1269017
-4616972
-2435838
-2026674
-9466597
-717341
-3535720
-6493802
-9683646
4519054
-6010868
-2716586
-5447874
6438603
2069009
-1375434
-2600819
8267269
6650888
-1278801
-9970608
-961663
9038103
7967520
4193783
-2287429
-4466206
6332669
3131787
3087343
1523945
1114662
-4152168
-669261
-4193922
-2355882
-7550283
9148097
-8940447
-8310094
5693362
2137555
-2259974
-9667711
5260892
9853095
3367986
2649339
5598703
-951518
-4725778
6826042
8918553
6515857
-676824
-4780467
7211943
-1953014
258220
876
-7248178
-5594895
-9173139
-5813179
2084120
2578582
4210818
9702773
-9431318
6970108
-4838464
-8608238
2712238
1914805
6178036
7001957
495265
9415656
3770557
9073845
-7906502
-3473803
4130564
6451774
-1712074
-4128977
-6627302
8279105
-6964419
-7209912
5118572
-9539275
-2846670
2467275
-4299803
-8382693
-6052324
8449858
3984352
-7227665
756396
573559
-5132855
-435398
-3809942
-9537192
-9915057
-1777980
-8873600
5374451
-1213113
8257127
6115619
6302881
-6284000
-6824705
3378074
-5395392
6856703
-4446338
-4526868
938649
-9775497
-6941668
1999658
9351136
2700774
210859
-8304554
-8388007
-6808977
-2769656
882415
-1906153
2487183
9613998
1329631
-4748962
-2262940
-486545
-1524180
6472805
-8857833
-9463715
9909580
9410326
3828162
-124102
509096
9995500
-2870647
5055978
1275937
2510112
5086950
-3674581
-6117995
549125
-7469062
-6926468
-6749056
-4971520
-7326971
5213864
4239295
4649256
-4632335
-4517901
-736144
8712054
3427337
-4355361
-4739850
-5264983
3973575
1003419
-179943
125625
-5024566
-6942199
8556106
-5355787
2574822
9562987
-8080893
5884091
-5209002
838825
-9519027
2406868
9734924
2742081
-802981
6314602
-9253847
-2031413
8820820
8090278
-3883640
-4240856
3611182
22506
-2601099
-221881
-1037642
8503208
7685756
-2234221
-5712724
-8544035
3697499
3159037
-561654
3421486
9072921
6957985
5738853
8189085
-1342416
9529367
3135341
-9944600
-9278235
3643225
2489231
-4842882
-2654023
-4871092
1290681
1782302
3886328
9342189
4192573
3692815
8911982
-7191783
-2561329
8059894
343609
-6139912
-1608791
4880727
6998458
5547528
8671438
-5375829
-6247003
-3263294
-9508758
-3608039
3319096
-9030166
-6864552
939733
-1117047
-978824
-1043522
-6197486
5219575
-7232738
5162963
9264293
-3380286
-7842442
4059841
4146487
1111479
-6868534
6763430
1942823
-6073340
5657727
-7345740
4116218
8681002
-2876130
-329609
1571711
1187599
-3927808
-7694538
-1482108
8128819
-4559978
-5418637
-8049874
7420667
-1032878
-377202
-4365063
3418921
3632438
3345030
2339917
-6413459
-8065545
9700062
7004601
-4436972
6139853
-5566050
8815822
-3121697
-7447590
253552
-7708006
-5348369
107572
-7646741
2834624
187867
-3048559
-3730706
-1151951
-37916
9097614
3655970
6199689
-7534528
-9867364
-6321503
-129272
2121618
5411208
899765
-2633173
4319099
-9605979
-9562440
7726822
-1859766
344727
-6787301
3846785
-3968817
-6156097
-3362685
-1011956
8339533
-2917826
5915662
-590976
3246989
3077800
5468596
-2720652
-6276849
-3447481
438984
3892601
-2722468
4804361
-9142884
5435666
7054343
1300548
-1924525
-7836558
9558706
-1937292
-3485675
-4896996
-8904804
9414019
1276115
6617816
7279072
8031268
9513097
5746736
-5449277
-7290155
-7299415
-4751751
2157229
-2954078
2495865
8037429
4749001
1351825
-3497902
-6721972
-8203484
7505132
5567259
-574808
9920792
8463065
8902356
-6527148
-4603340
-6652777
3174222
8345423
9573432
-8049833
4239101
-2563853
-7839941
5087413
8177382
5057021
-7823633
-424495
9665970
9012792
7250173
-946418
8367333
-7599925
4395658
-5993369
-5648088
626459
256731
8259689
-7472190
-1150882
-3820267
4471761
-3488219
-6087234
2762781
4054978
-7741531
-2950875
-6052962
-5798238
16195
-9462613
-4608983
8594067
6901928
6105754
5336950
-7006839
-7850707
-4093158
-2954808
7026957
7208062
9976175
-7427699
2582240
4185129
-9063577
5270877
-4802128
-7334626
5373726
-1414578
2439659
6736932
-1704109
-962327
7060963
9217426
-9155558
2277449
-2430546
4268476
-7824900
-4543598
-4352237
6778106
5046843
9900818
-1617506
-714158
718642
-8083214
-8776749
-7775551
-7852581
-6744936
2458239
7948075
9080683
-3446627
-9553366
5163484
9163800
7981670
-5465432
7062202
1190906
634721
1479375
8473098
7857167
-1822754
-4237502
1444571
3230297
5051271
7671916
-1239278
-8289758
7291774
-671863
6249235
-2368416
6989073
-5273890
2446857
7762483
-1432548
6645769
-7351341
-6828918
3378172
-3934605
5748710
5667883
4594913
2563764
-1145289
5529981
-5653206
8719104
3920610
-9024266
-9308413
6297530
8718052
575814
5349366
-9288490
6597392
7716066
4028529
9395603
5344628
-5309249
-6681349
4517322
-3771942
9717933
9865601
2881495
-2978454
7170383
-3282225
-9947103
-6338451
5237939
1371674
8313671
-8166100
837010
398521
-6951192
5755126
-5346267
-6494476
-8037361
-9951935
-8844639
9523445
-1118918
-6184728
698705
-8459044
-5529083
-2622317
-8319153
-6091026
5212024
-2888139
4578271
2183661
9778410
4760238
-3315608
2805634
1972623
5317264
-4034288
-7677481
-5551195
-9739778
2835187
-9795519
-974792
-7375696
-4268545
-7496421
8135565
-749292
-6253201
-3677266
1378609
-3550833
-1412383
-6864564
2749854
4325601
5768982
7401596
-6632826
2872743
-1582513
-1790785
-2135559
6681886
6057937
9823692
9151027
4166487
4884891
-1910012
-1862702
-8293900
-2289018
1750882
3021428
-456936
5900410
-2522136
9397249
-9100671
-4944540
9823920
-1964823
8187557
-6274235
-2879088
-5346685
953959
-9688473
8721257
-7028331
739446
7727788
9667340
5146865
-7949245
5715199
-6511670
1442108
9797020
-8663061
-1974889
1530570
8920810
1780810
-9078566
-7875931
3861763
1581589
7160020
7554989
-9238355
-1527717
-2839638
-9149223
-3045456
-1469619
2642960
3748763
4173463
-7785098
-8192108
-9410974
-8943613
1907975
-385147
-7983047
-1671253
8855120
1926014
-8107891
-611085
-4240821
-8938350
-5466869
3405352
-2075565
-4395755
-3790424
-6513578
-2539278
-781563
-8497222
5397446
-5762601
2984724
6954563
-121832
-1164314
870995
7818831
5448185
5098090
3346812
-4309901
2211200
-3755674
446940
5471605
5086250
3764745
-4635685
6241546
4155248
-448705
1339434
4363706
-2486269
-8617628
418951
-9710368
4891300
3663635
821040
6268877
-1038175
3604509
4841698
8560397
8538863
-6814570
8718732
1010369
-2844703
-3776759
9456533
696875
4955779
-3442229
-953401
811849
-6540907
-4931731
3103190
-9875560
2044967
-3335861
6149265
4044281
-5573682
8013121
4541348
-9745231
-5842560
2994045
-8842489
1978251
4120593
3882864
-5350137
-1290216
-6761397
5090783
6057711
4727063
-3499869
-9624042
6561363
2508015
3861918
-1052869
2278904
-6107304
-6237504
-5647680
609123
-7326182
-5225684
-5260302
9679101
6791662
-4578851
-5984081
-7890977
-6729343
5032575
5742644
-9441728
-3445098
-1734933
8173588
-6391432
3664202
-5209794
8552005
-9695824
5334899
-7588459
5563989
-2978007
-5325790
5802598
615866
7271717
2844232
9902206
4542837
-6445451
-8481389
8548025
3462304
7988667
-1560187
-4089999
417709
-4930127
2854454
7679548
8689038
7217300
-4415742
8765262
4621865
-4273529
7059933
2747982
-7741180
-969221
-7077112
679818
2009483
-1627351
-825488
-4083381
-2945791
7711420
3866787
5091140
-2857727
-2507635
-7517073
-5700572
-2926416
6287494
6657049
