0 1
0 2
0 643
0 820
0 998
0 999
1 172
1 2
1 3
1 318
1 999
10 11
10 12
10 8
10 9
100 101
100 102
100 810
100 98
100 99
101 102
101 103
101 149
101 311
101 99
102 103
102 104
102 457
103 104
103 105
103 441
103 461
104 105
104 106
105 106
105 107
105 799
106 107
106 108
106 422
106 991
107 108
107 109
107 338
107 877
108 109
108 110
108 717
108 97
109 110
109 111
109 234
11 12
11 13
11 9
110 111
110 112
110 488
110 492
111 112
111 113
111 975
112 113
112 114
112 307
112 952
113 114
113 115
114 115
114 116
114 158
114 33
115 116
115 117
115 175
116 117
116 118
116 571
116 615
116 805
117 118
117 119
117 746
117 854
118 119
118 120
119 120
119 121
119 358
12 13
12 14
120 121
120 122
120 910
121 122
121 123
121 651
122 123
122 124
122 254
122 539
123 124
123 125
124 125
124 126
124 500
125 126
125 127
126 127
126 128
127 128
127 129
127 274
127 583
128 129
128 130
128 778
129 130
129 131
129 470
129 809
13 14
13 15
13 844
130 131
130 132
130 962
131 132
131 133
132 133
132 134
133 134
133 135
133 173
133 239
133 819
134 135
134 136
134 872
135 136
135 137
136 137
136 138
136 262
136 612
136 745
137 138
137 139
138 139
138 140
139 140
139 141
139 364
139 396
139 428
14 15
14 16
140 141
140 142
141 142
141 143
141 293
142 143
142 144
142 385
142 403
142 690
143 144
143 145
144 145
144 146
145 146
145 147
146 147
146 148
146 900
147 148
147 149
147 628
148 149
148 150
148 507
148 666
149 150
149 151
15 16
15 17
15 947
150 151
150 152
150 747
151 152
151 153
151 443
151 451
151 579
152 153
152 154
152 697
153 154
153 155
154 155
154 156
154 895
154 950
155 156
155 157
155 67
156 157
156 158
157 158
157 159
158 159
158 160
158 196
159 160
159 161
159 93
16 17
16 18
160 161
160 162
160 792
161 162
161 163
161 934
161 962
162 163
162 164
163 164
163 165
164 165
164 166
165 166
165 167
165 551
165 768
166 167
166 168
167 168
167 169
168 169
168 170
169 170
169 171
169 294
169 724
17 18
17 19
170 171
170 172
170 552
170 814
171 172
171 173
171 266
172 173
172 174
172 325
172 585
172 591
173 174
173 175
173 268
174 175
174 176
174 699
175 176
175 177
176 177
176 178
176 401
177 178
177 179
177 913
177 956
178 179
178 180
179 180
179 181
179 847
18 19
18 20
18 227
180 181
180 182
180 313
180 8
181 182
181 183
182 183
182 184
183 184
183 185
184 185
184 186
185 186
185 187
185 190
186 187
186 188
186 356
186 927
187 188
187 189
187 494
187 945
188 189
188 190
189 190
189 191
19 20
19 21
190 191
190 192
190 231
191 192
191 193
191 59
192 193
192 194
193 194
193 195
193 770
194 195
194 196
195 196
195 197
196 197
196 198
196 205
196 554
196 796
197 198
197 199
198 199
198 200
198 496
199 200
199 201
2 3
2 4
2 893
20 21
20 22
200 201
200 202
200 863
201 202
201 203
202 203
202 204
202 212
202 526
202 776
203 204
203 205
204 205
204 206
204 771
205 206
205 207
206 207
206 208
207 208
207 209
207 536
207 970
208 209
208 210
209 210
209 211
209 586
21 22
21 23
21 684
210 211
210 212
211 212
211 213
211 435
212 213
212 214
213 214
213 215
214 215
214 216
215 216
215 217
215 359
215 903
216 217
216 218
217 218
217 219
218 219
218 220
219 220
219 221
22 23
22 24
220 221
220 222
220 340
221 222
221 223
222 223
222 224
222 475
222 528
223 224
223 225
224 225
224 226
224 242
224 311
224 713
225 226
225 227
226 227
226 228
226 478
226 749
227 228
227 229
228 229
228 230
229 230
229 231
23 24
23 25
23 810
230 231
230 232
230 977
231 232
231 233
231 543
232 233
232 234
232 282
232 847
233 234
233 235
233 424
234 235
234 236
235 236
235 237
236 237
236 238
237 238
237 239
237 492
238 239
238 240
239 240
239 241
239 560
239 621
24 25
24 26
240 241
240 242
241 242
241 243
242 243
242 244
242 827
243 244
243 245
243 853
244 245
244 246
245 246
245 247
245 982
246 247
246 248
246 424
247 248
247 249
247 507
247 551
248 249
248 250
249 250
249 251
25 26
25 27
25 672
250 251
250 252
250 478
250 989
251 252
251 253
252 253
252 254
252 466
253 254
253 255
253 336
253 489
253 623
254 255
254 256
254 465
254 69
255 256
255 257
255 433
256 257
256 258
257 258
257 259
258 259
258 260
259 260
259 261
259 759
26 27
26 28
26 519
26 535
260 261
260 262
260 465
261 262
261 263
262 263
262 264
262 961
263 264
263 265
263 326
264 265
264 266
265 266
265 267
265 347
265 819
266 267
266 268
267 268
267 269
268 269
268 270
268 674
268 728
269 270
269 271
27 28
27 29
27 937
270 271
270 272
271 272
271 273
271 894
272 273
272 274
272 901
273 274
273 275
273 839
274 275
274 276
274 437
274 683
274 765
275 276
275 277
276 277
276 278
277 278
277 279
278 279
278 280
278 339
278 385
279 280
279 281
28 29
28 297
28 30
280 281
280 282
281 282
281 283
281 656
281 875
282 283
282 284
283 284
283 285
283 580
283 970
284 285
284 286
284 563
285 286
285 287
286 287
286 288
287 288
287 289
288 289
288 290
289 290
289 291
289 722
289 766
29 30
29 31
290 291
290 292
290 483
290 848
291 292
291 293
292 293
292 294
293 294
293 295
293 778
294 295
294 296
294 575
295 296
295 297
296 297
296 298
297 298
297 299
297 886
297 977
298 299
298 300
299 300
299 301
299 309
3 4
3 5
30 31
30 315
30 32
30 555
30 768
30 936
300 301
300 302
300 682
301 302
301 303
301 858
302 303
302 304
303 304
303 305
304 305
304 306
305 306
305 307
306 307
306 308
306 408
306 776
307 308
307 309
308 309
308 310
309 310
309 311
309 864
31 32
31 33
31 569
310 311
310 312
310 7
310 701
310 808
311 312
311 313
312 313
312 314
312 36
312 436
313 314
313 315
314 315
314 316
314 547
314 662
315 316
315 317
315 372
316 317
316 318
316 398
316 630
317 318
317 319
318 319
318 320
318 649
318 658
319 320
319 321
319 481
319 612
32 33
32 34
320 321
320 322
320 66
320 733
321 322
321 323
322 323
322 324
322 382
323 324
323 325
324 325
324 326
325 326
325 327
325 392
325 798
326 327
326 328
326 449
327 328
327 329
328 329
328 330
328 42
329 330
329 331
329 801
329 946
33 34
33 35
330 331
330 332
330 431
331 332
331 333
332 333
332 334
332 463
332 469
332 834
333 334
333 335
333 747
334 335
334 336
334 663
335 336
335 337
335 367
335 886
336 337
336 338
336 76
336 896
337 338
337 339
338 339
338 340
339 340
339 341
34 35
34 36
34 407
340 341
340 342
341 342
341 343
341 431
342 343
342 344
342 582
343 344
343 345
344 345
344 346
345 346
345 347
345 862
346 347
346 348
346 5
346 561
347 348
347 349
348 349
348 350
349 350
349 351
349 738
35 36
35 37
35 744
350 351
350 352
350 741
351 352
351 353
352 353
352 354
353 354
353 355
353 745
354 355
354 356
355 356
355 357
355 850
356 357
356 358
357 358
357 359
357 583
358 359
358 360
359 360
359 361
36 37
36 38
360 361
360 362
361 362
361 363
361 624
362 363
362 364
362 965
363 364
363 365
364 365
364 366
365 366
365 367
365 406
366 367
366 368
367 368
367 369
367 444
368 369
368 370
369 370
369 371
37 38
37 39
370 371
370 372
371 372
371 373
372 373
372 374
372 575
373 374
373 375
373 420
373 870
373 996
374 375
374 376
374 410
374 525
375 376
375 377
376 377
376 378
376 688
377 378
377 379
378 379
378 380
378 702
378 856
379 380
379 381
379 473
379 849
379 86
38 39
38 40
38 734
380 381
380 382
380 558
381 382
381 383
382 383
382 384
382 770
383 384
383 385
384 385
384 386
385 386
385 387
385 55
385 642
386 387
386 388
386 395
387 388
387 389
387 822
388 389
388 390
388 964
389 390
389 391
389 732
39 40
39 41
39 979
390 391
390 392
391 392
391 393
392 393
392 394
392 487
392 769
393 394
393 395
393 436
394 395
394 396
395 396
395 397
396 397
396 398
396 426
397 398
397 399
397 98
398 399
398 400
399 400
399 401
4 5
4 6
40 41
40 42
400 401
400 402
400 917
401 402
401 403
402 403
402 404
402 844
402 920
403 404
403 405
404 405
404 406
405 406
405 407
405 945
406 407
406 408
407 408
407 409
407 968
408 409
408 410
408 450
409 410
409 411
41 42
41 43
41 549
410 411
410 412
411 412
411 413
411 783
412 413
412 414
412 582
413 414
413 415
414 415
414 416
414 477
415 416
415 417
416 417
416 418
416 782
417 418
417 419
418 419
418 420
419 420
419 421
419 651
42 43
42 44
42 714
420 421
420 422
421 422
421 423
422 423
422 424
423 424
423 425
424 425
424 426
424 621
425 426
425 427
426 427
426 428
426 681
426 763
427 428
427 429
428 429
428 430
428 610
428 815
429 430
429 431
429 78
43 44
43 45
43 752
430 431
430 432
430 47
431 432
431 433
432 433
432 434
433 434
433 435
433 480
434 435
434 436
435 436
435 437
435 697
436 437
436 438
436 619
437 438
437 439
437 923
438 439
438 440
439 440
439 441
44 45
44 46
44 532
44 736
44 826
440 441
440 442
440 863
441 442
441 443
441 616
441 923
442 443
442 444
442 70
442 947
442 950
443 444
443 445
443 617
444 445
444 446
445 446
445 447
446 447
446 448
446 691
447 448
447 449
447 980
448 449
448 450
449 450
449 451
449 568
45 46
45 47
450 451
450 452
451 452
451 453
452 453
452 454
453 454
453 455
453 747
454 455
454 456
454 654
455 456
455 457
456 457
456 458
456 529
456 686
457 458
457 459
458 459
458 460
459 460
459 461
46 47
46 473
46 48
46 620
460 461
460 462
460 464
460 521
461 462
461 463
461 789
462 463
462 464
463 464
463 465
463 481
464 465
464 466
464 737
465 466
465 467
465 516
465 606
465 892
466 467
466 468
467 468
467 469
467 992
468 469
468 470
469 470
469 471
47 48
47 49
470 471
470 472
470 986
471 472
471 473
471 50
471 87
472 473
472 474
472 890
473 474
473 475
474 475
474 476
475 476
475 477
475 723
476 477
476 478
476 882
477 478
477 479
477 558
477 753
478 479
478 480
479 480
479 481
48 49
48 50
48 536
480 481
480 482
481 482
481 483
482 483
482 484
483 484
483 485
484 485
484 486
484 544
485 486
485 487
486 487
486 488
486 548
487 488
487 489
487 712
487 920
488 489
488 490
489 490
489 491
489 7
49 50
49 51
490 491
490 492
490 878
490 879
490 95
491 492
491 493
492 493
492 494
493 494
493 495
493 577
494 495
494 496
494 864
495 496
495 497
496 497
496 498
497 498
497 499
498 499
498 500
499 500
499 501
499 795
5 6
5 7
50 51
50 52
500 501
500 502
501 502
501 503
501 598
501 821
501 899
502 503
502 504
503 504
503 505
503 567
504 505
504 506
505 506
505 507
505 992
506 507
506 508
506 880
507 508
507 509
508 509
508 510
509 510
509 511
509 990
51 52
51 53
510 511
510 512
510 628
511 512
511 513
511 922
512 513
512 514
513 514
513 515
514 515
514 516
514 720
514 896
515 516
515 517
516 517
516 518
516 557
517 518
517 519
517 947
518 519
518 520
518 868
519 520
519 521
519 717
52 53
52 54
520 521
520 522
520 951
521 522
521 523
522 523
522 524
523 524
523 525
524 525
524 526
525 526
525 527
526 527
526 528
526 622
527 528
527 529
528 529
528 530
528 906
529 530
529 531
529 747
529 959
53 54
53 55
53 565
53 602
53 800
530 531
530 532
531 532
531 533
532 533
532 534
532 976
533 534
533 535
533 901
534 535
534 536
535 536
535 537
535 860
536 537
536 538
537 538
537 539
538 539
538 540
539 540
539 541
54 55
54 56
540 541
540 542
540 961
541 542
541 543
542 543
542 544
543 544
543 545
544 545
544 546
544 937
545 546
545 547
545 574
546 547
546 548
547 548
547 549
548 549
548 550
549 550
549 551
55 56
55 57
55 692
55 964
550 551
550 552
551 552
551 553
552 553
552 554
553 554
553 555
554 555
554 556
554 640
554 961
555 556
555 557
555 700
555 978
556 557
556 558
557 558
557 559
557 826
558 559
558 560
558 775
558 999
559 560
559 561
559 919
56 57
56 58
560 561
560 562
560 58
560 698
561 562
561 563
562 563
562 564
562 737
563 564
563 565
564 565
564 566
564 83
565 566
565 567
565 872
565 953
566 567
566 568
566 705
567 568
567 569
567 590
567 792
568 569
568 570
569 570
569 571
57 58
57 59
570 571
570 572
571 572
571 573
572 573
572 574
573 574
573 575
573 914
574 575
574 576
575 576
575 577
576 577
576 578
577 578
577 579
577 680
578 579
578 580
578 638
578 722
579 580
579 581
579 877
58 59
58 60
58 722
580 581
580 582
581 582
581 583
582 583
582 584
582 622
582 730
583 584
583 585
584 585
584 586
585 586
585 587
586 587
586 588
587 588
587 589
587 836
587 978
588 589
588 590
589 590
589 591
59 60
59 61
590 591
590 592
591 592
591 593
591 775
592 593
592 594
592 771
593 594
593 595
593 697
594 595
594 596
595 596
595 597
595 804
595 913
596 597
596 598
596 710
597 598
597 599
598 599
598 600
599 600
599 601
599 962
6 7
6 8
6 881
60 61
60 62
600 601
600 602
601 602
601 603
601 91
602 603
602 604
602 807
603 604
603 605
604 605
604 606
605 606
605 607
606 607
606 608
606 623
607 608
607 609
608 609
608 610
609 610
609 611
61 62
61 63
610 611
610 612
611 612
611 613
611 872
612 613
612 614
613 614
613 615
613 731
613 76
614 615
614 616
615 616
615 617
616 617
616 618
617 618
617 619
617 879
618 619
618 620
619 620
619 621
619 631
62 63
62 64
620 621
620 622
621 622
621 623
622 623
622 624
622 757
623 624
623 625
624 625
624 626
625 626
625 627
625 791
626 627
626 628
627 628
627 629
628 629
628 630
629 630
629 631
63 64
63 65
630 631
630 632
631 632
631 633
632 633
632 634
633 634
633 635
634 635
634 636
635 636
635 637
636 637
636 638
637 638
637 639
637 866
638 639
638 640
639 640
639 641
639 956
64 65
64 66
64 688
640 641
640 642
641 642
641 643
642 643
642 644
643 644
643 645
643 66
644 645
644 646
645 646
645 647
645 846
646 647
646 648
647 648
647 649
648 649
648 650
649 650
649 651
649 652
65 66
65 67
650 651
650 652
650 745
651 652
651 653
652 653
652 654
653 654
653 655
654 655
654 656
654 82
655 656
655 657
656 657
656 658
657 658
657 659
658 659
658 660
659 660
659 661
659 665
659 786
66 67
66 68
660 661
660 662
661 662
661 663
661 921
662 663
662 664
663 664
663 665
663 957
664 665
664 666
664 722
665 666
665 667
665 906
666 667
666 668
666 78
666 830
667 668
667 669
668 669
668 670
669 670
669 671
67 68
67 69
670 671
670 672
670 904
671 672
671 673
672 673
672 674
673 674
673 675
674 675
674 676
675 676
675 677
676 677
676 678
677 678
677 679
678 679
678 680
679 680
679 681
68 69
68 70
680 681
680 682
681 682
681 683
682 683
682 684
682 834
682 843
683 684
683 685
684 685
684 686
685 686
685 687
685 811
686 687
686 688
686 697
687 688
687 689
688 689
688 690
688 881
688 941
689 690
689 691
689 757
69 70
69 71
690 691
690 692
691 692
691 693
692 693
692 694
693 694
693 695
693 964
694 695
694 696
694 786
695 696
695 697
696 697
696 698
696 706
696 903
696 907
697 698
697 699
697 879
698 699
698 700
699 700
699 701
699 996
7 8
7 9
70 71
70 72
700 701
700 702
700 940
701 702
701 703
702 703
702 704
703 704
703 705
704 705
704 706
705 706
705 707
705 980
706 707
706 708
706 903
707 708
707 709
708 709
708 710
709 710
709 711
71 72
71 73
710 711
710 712
711 712
711 713
711 904
712 713
712 714
713 714
713 715
714 715
714 716
715 716
715 717
715 888
716 717
716 718
717 718
717 719
717 72
718 719
718 720
718 977
719 720
719 721
72 73
72 74
72 900
720 721
720 722
721 722
721 723
722 723
722 724
722 966
723 724
723 725
723 856
724 725
724 726
725 726
725 727
726 727
726 728
727 728
727 729
727 890
728 729
728 730
729 730
729 731
73 74
73 75
730 731
730 732
731 732
731 733
732 733
732 734
732 910
733 734
733 735
733 791
734 735
734 736
734 807
735 736
735 737
736 737
736 738
737 738
737 739
738 739
738 740
739 740
739 741
74 75
74 76
740 741
740 742
741 742
741 743
742 743
742 744
742 828
743 744
743 745
743 805
744 745
744 746
745 746
745 747
746 747
746 748
747 748
747 749
748 749
748 750
749 750
749 751
75 76
75 77
75 957
75 960
750 751
750 752
751 752
751 753
752 753
752 754
753 754
753 755
754 755
754 756
754 826
755 756
755 757
756 757
756 758
757 758
757 759
758 759
758 760
759 760
759 761
76 77
76 78
760 761
760 762
761 762
761 763
762 763
762 764
763 764
763 765
764 765
764 766
765 766
765 767
766 767
766 768
767 768
767 769
768 769
768 770
769 770
769 771
77 78
77 79
770 771
770 772
771 772
771 773
772 773
772 774
772 853
773 774
773 775
774 775
774 776
774 957
775 776
775 777
776 777
776 778
777 778
777 779
778 779
778 780
778 851
779 780
779 781
78 79
78 80
780 781
780 782
781 782
781 783
782 783
782 784
783 784
783 785
783 892
784 785
784 786
785 786
785 787
786 787
786 788
787 788
787 789
788 789
788 790
789 790
789 791
79 80
79 81
79 822
79 925
790 791
790 792
791 792
791 793
792 793
792 794
793 794
793 795
793 983
794 795
794 796
795 796
795 797
795 806
796 797
796 798
797 798
797 799
798 799
798 800
799 800
799 801
8 871
8 9
80 81
80 82
800 801
800 802
801 802
801 803
802 803
802 804
803 804
803 805
804 805
804 806
805 806
805 807
806 807
806 808
807 808
807 809
808 809
808 810
808 953
809 810
809 811
81 82
81 83
810 811
810 812
811 812
811 813
811 97
811 991
812 813
812 814
813 814
813 815
814 815
814 816
815 816
815 817
816 817
816 818
817 818
817 819
817 875
818 819
818 820
819 820
819 821
82 83
82 84
820 821
820 822
821 822
821 823
822 823
822 824
823 824
823 825
824 825
824 826
825 826
825 827
826 827
826 828
827 828
827 829
828 829
828 830
829 830
829 831
829 949
83 84
83 85
830 831
830 832
831 832
831 833
832 833
832 834
833 834
833 835
834 835
834 836
835 836
835 837
836 837
836 838
837 838
837 839
838 839
838 840
839 840
839 841
84 85
84 86
84 892
840 841
840 842
841 842
841 843
841 954
842 843
842 844
842 893
843 844
843 845
844 845
844 846
845 846
845 847
846 847
846 848
847 848
847 849
848 849
848 850
849 850
849 851
85 86
85 87
850 851
850 852
851 852
851 853
852 853
852 854
853 854
853 855
854 855
854 856
855 856
855 857
856 857
856 858
857 858
857 859
858 859
858 860
859 860
859 861
859 966
86 87
86 88
860 861
860 862
861 862
861 863
862 863
862 864
863 864
863 865
863 978
864 865
864 866
865 866
865 867
866 867
866 868
867 868
867 869
868 869
868 870
869 870
869 871
87 88
87 89
87 917
87 962
870 871
870 872
871 872
871 873
872 873
872 874
873 874
873 875
874 875
874 876
875 876
875 877
876 877
876 878
877 878
877 879
878 879
878 880
879 880
879 881
88 89
88 90
880 881
880 882
881 882
881 883
882 883
882 884
882 977
883 884
883 885
883 978
884 885
884 886
885 886
885 887
886 887
886 888
886 999
887 888
887 889
888 889
888 890
888 928
889 890
889 891
89 90
89 91
890 891
890 892
891 892
891 893
892 893
892 894
893 894
893 895
894 895
894 896
895 896
895 897
896 897
896 898
897 898
897 899
898 899
898 900
899 900
899 901
90 91
90 92
900 901
900 902
901 902
901 903
902 903
902 904
903 904
903 905
904 905
904 906
905 906
905 907
906 907
906 908
907 908
907 909
908 909
908 910
909 910
909 911
909 994
91 92
91 93
910 911
910 912
911 912
911 913
912 913
912 914
913 914
913 915
914 915
914 916
915 916
915 917
916 917
916 918
916 984
917 918
917 919
918 919
918 920
919 920
919 921
92 93
92 94
920 921
920 922
921 922
921 923
922 923
922 924
923 924
923 925
924 925
924 926
925 926
925 927
926 927
926 928
927 928
927 929
928 929
928 930
929 930
929 931
93 94
93 95
930 931
930 932
931 932
931 933
932 933
932 934
933 934
933 935
934 935
934 936
935 936
935 937
936 937
936 938
937 938
937 939
938 939
938 940
939 940
939 941
94 95
94 96
940 941
940 942
941 942
941 943
942 943
942 944
943 944
943 945
944 945
944 946
945 946
945 947
946 947
946 948
947 948
947 949
948 949
948 950
949 950
949 951
95 96
95 97
950 951
950 952
951 952
951 953
952 953
952 954
953 954
953 955
954 955
954 956
955 956
955 957
956 957
956 958
956 987
957 958
957 959
958 959
958 960
959 960
959 961
96 97
96 98
960 961
960 962
961 962
961 963
962 963
962 964
963 964
963 965
964 965
964 966
965 966
965 967
966 967
966 968
967 968
967 969
968 969
968 970
969 970
969 971
97 98
97 99
970 971
970 972
971 972
971 973
972 973
972 974
973 974
973 975
974 975
974 976
975 976
975 977
976 977
976 978
977 978
977 979
978 979
978 980
979 980
979 981
98 99
980 981
980 982
981 982
981 983
982 983
982 984
983 984
983 985
984 985
984 986
985 986
985 987
986 987
986 988
987 988
987 989
988 989
988 990
989 990
989 991
990 991
990 992
991 992
991 993
992 993
992 994
993 994
993 995
994 995
994 996
995 996
995 997
996 997
996 998
997 998
997 999
998 999
