0 26
1 210
1 460
10 239
10 69
10 829
100 319
100 864
101 685
101 975
102 210
102 722
103 211
103 909
103 933
104 334
104 528
104 7
105 408
106 731
107 754
108 289
109 788
11 638
11 996
110 773
110 871
111 222
111 352
111 390
111 838
111 875
112 297
112 7
112 704
112 724
112 990
113 128
113 502
113 518
113 786
113 93
114 571
114 595
114 620
114 798
115 481
115 878
116 810
117 121
117 2
117 470
117 934
118 362
118 525
119 753
12 283
12 938
120 330
120 824
121 465
121 685
121 987
122 150
122 295
122 8
122 903
123 271
123 884
124 438
124 564
124 939
125 423
125 630
125 965
125 982
126 438
126 547
126 560
126 580
126 778
127 443
127 884
128 23
128 66
128 994
129 514
129 820
13 385
13 807
130 136
130 650
130 699
131 291
132 213
132 566
133 177
133 444
133 446
134 630
135 229
135 572
135 59
135 630
135 71
135 820
135 850
137 291
137 308
137 337
138 371
138 833
139 333
139 548
139 753
139 841
14 374
14 519
14 626
14 649
14 655
14 736
140 391
140 714
140 905
141 147
141 173
141 611
141 710
141 761
141 796
142 352
142 407
143 151
143 311
143 553
144 976
145 329
145 498
145 573
145 642
145 672
146 239
146 337
146 65
146 868
147 308
147 441
147 704
147 922
148 327
148 569
148 588
148 880
149 657
15 162
15 331
15 441
15 790
151 80
151 875
151 946
152 375
152 416
153 352
153 804
153 863
154 300
154 539
154 552
154 769
155 511
155 577
155 827
155 945
156 326
157 50
157 829
158 418
159 436
159 969
16 615
160 603
160 858
160 928
161 242
161 273
161 340
161 682
161 950
162 18
163 28
163 320
164 294
164 512
164 558
164 975
165 361
165 650
166 21
166 315
166 395
166 429
166 500
166 553
166 622
166 662
167 331
167 720
168 197
168 395
168 492
169 775
169 79
17 423
170 765
171 536
171 641
172 320
172 788
172 792
173 33
173 43
173 588
174 350
174 36
174 650
175 302
175 436
175 609
175 970
176 734
176 887
177 367
177 894
178 39
178 743
179 318
179 620
179 73
179 77
18 186
18 285
18 498
180 202
180 803
181 214
181 618
182 33
182 394
182 407
182 690
183 201
183 49
184 837
185 253
185 430
185 981
186 354
186 693
187 821
188 210
188 781
189 289
189 612
19 306
19 526
190 309
190 413
190 446
191 418
192 303
192 672
193 741
193 808
194 261
194 302
195 308
195 402
195 532
195 535
195 579
196 51
196 53
196 813
198 342
198 639
198 675
198 752
199 621
199 873
2 445
2 457
2 702
20 694
20 977
200 347
200 926
201 236
201 737
202 245
202 470
202 498
203 984
203 996
204 359
204 597
204 807
205 832
205 939
206 3
206 760
207 617
207 979
208 353
208 657
209 290
209 432
210 263
211 241
211 369
211 442
211 497
211 911
212 36
212 903
213 388
213 757
214 504
214 599
214 634
214 758
215 471
215 546
215 888
216 522
216 583
216 70
216 877
216 937
217 595
218 279
218 577
219 223
219 398
219 670
219 737
22 73
22 983
220 285
220 601
220 800
221 451
221 606
221 859
221 909
221 970
222 544
223 228
223 305
224 522
224 544
225 33
225 947
226 412
226 428
227 382
227 962
227 988
228 321
229 278
229 403
229 459
23 233
23 48
23 97
230 594
230 652
230 659
231 403
231 610
232 304
232 791
233 279
233 461
233 686
233 712
234 603
235 311
236 4
236 451
236 480
236 835
236 886
236 938
237 632
237 709
237 929
238 908
24 263
24 710
240 673
241 276
241 356
241 76
243 888
244 756
244 817
245 54
245 819
246 280
246 576
246 589
246 995
247 488
248 25
248 561
249 464
249 528
250 506
250 593
250 777
251 977
252 870
252 91
253 617
253 764
253 933
254 412
255 484
255 825
256 267
256 476
256 956
257 496
257 892
257 939
258 456
258 775
258 902
259 372
259 479
26 638
26 643
26 727
26 989
260 590
262 308
262 398
263 31
263 8
264 387
264 565
264 629
265 550
265 787
265 845
266 405
266 420
266 439
267 327
267 642
267 864
268 351
268 781
269 535
269 655
27 329
27 609
270 510
270 664
270 847
271 558
271 890
271 9
271 92
272 37
272 618
272 7
272 828
272 92
273 276
273 65
274 372
274 719
274 976
275 367
275 585
276 671
276 866
277 324
277 42
278 376
278 525
278 727
278 988
279 288
279 453
279 743
28 817
280 411
281 581
281 96
282 771
282 847
283 864
283 909
284 391
284 788
284 932
285 884
285 940
286 791
286 988
287 456
288 900
289 584
289 823
289 849
29 341
29 428
29 746
290 681
290 878
291 789
292 424
292 476
292 729
292 800
293 631
294 300
294 506
294 541
295 536
295 59
296 336
296 459
297 41
297 69
297 969
298 320
298 60
298 705
299 497
30 331
30 650
30 969
300 784
301 63
301 90
303 904
304 856
305 6
306 473
306 88
307 650
307 770
308 408
309 849
31 424
310 467
310 663
310 866
311 801
311 822
311 840
312 405
312 915
313 329
313 330
313 67
314 805
314 980
315 493
316 382
317 739
317 749
317 887
318 337
318 77
319 511
32 338
32 386
32 722
320 332
320 921
321 498
321 584
321 656
322 937
323 651
324 354
325 503
325 798
326 529
326 791
327 355
328 46
328 935
329 657
33 528
33 531
33 691
33 700
33 882
33 929
33 947
330 935
331 481
331 765
332 452
333 475
333 686
335 420
335 765
336 407
336 413
336 72
338 360
338 997
339 633
339 816
339 877
34 471
34 600
34 694
340 833
340 958
341 962
342 358
342 521
343 767
343 906
344 715
345 517
345 542
345 77
346 681
346 746
347 990
348 773
348 899
349 75
349 957
35 925
351 433
351 51
351 874
351 941
353 40
353 674
353 686
354 82
354 845
354 913
355 935
356 924
357 635
357 885
358 56
36 777
36 786
36 951
360 558
361 4
361 793
362 420
363 667
363 668
364 415
364 687
364 738
364 758
365 519
366 463
366 537
366 73
366 86
366 897
367 853
367 904
368 561
368 700
369 571
369 723
369 972
370 930
372 412
372 658
373 876
373 906
374 455
374 86
375 642
375 902
376 441
376 650
376 873
377 45
377 483
377 514
377 945
378 429
378 480
378 604
378 804
379 43
379 47
379 673
379 702
38 748
380 944
380 955
381 860
382 570
382 746
383 453
383 490
383 512
384 622
385 483
385 677
385 688
385 862
386 578
386 897
388 626
389 446
389 472
389 802
390 400
390 796
391 861
391 940
391 99
392 856
393 409
393 637
394 449
394 555
394 638
394 835
395 724
396 605
396 615
396 875
396 989
397 629
397 724
397 855
397 870
397 953
398 437
399 494
399 643
399 737
399 760
4 730
40 472
40 744
40 808
40 965
400 601
400 750
401 945
402 419
402 655
403 417
403 571
403 922
404 475
404 644
404 752
405 480
405 520
406 916
406 961
408 498
409 713
409 893
410 708
411 440
411 460
412 81
413 705
413 833
413 858
414 529
415 761
416 74
416 871
416 916
417 861
418 833
418 941
42 708
42 882
420 491
420 549
420 948
421 837
422 688
424 767
424 924
425 54
426 697
427 895
428 831
428 832
429 484
429 530
429 790
429 916
43 473
430 61
430 746
430 752
431 837
432 500
434 637
434 784
434 916
435 551
436 475
436 489
436 535
436 777
436 834
437 492
438 495
438 606
439 567
439 71
439 76
44 483
44 689
440 606
440 89
441 492
441 949
442 563
442 668
443 625
443 676
443 90
444 847
445 821
446 655
446 732
446 78
446 874
447 477
447 980
448 481
448 958
45 857
45 969
450 469
450 582
450 80
451 611
451 873
452 71
452 83
453 926
454 708
454 768
456 917
457 902
458 721
459 535
46 676
46 766
460 709
460 739
460 856
460 927
460 974
461 508
461 575
462 645
464 539
464 611
464 969
465 503
466 487
466 847
467 535
468 807
468 903
469 516
469 965
47 81
47 959
471 860
472 760
472 867
473 989
474 89
476 749
476 878
476 913
478 735
479 960
48 610
48 859
480 707
480 762
481 683
482 485
482 651
485 56
485 583
485 66
486 64
486 761
487 5
487 795
487 825
488 806
489 70
489 992
49 550
49 639
490 87
491 627
492 998
493 568
493 899
495 717
495 809
496 534
497 603
497 637
499 647
499 854
499 865
5 582
5 599
5 892
50 592
50 713
500 770
500 848
500 979
501 710
501 75
501 753
501 762
501 961
502 682
503 651
503 674
504 623
504 745
504 757
504 868
505 74
505 782
507 658
507 903
509 894
51 765
51 881
51 965
511 559
511 725
512 904
512 939
513 540
513 74
513 8
514 965
515 711
516 597
516 617
516 649
516 79
516 939
517 611
517 747
518 90
519 716
519 930
52 750
520 976
521 935
522 578
522 679
522 703
522 917
523 934
524 611
525 669
525 728
525 865
526 683
526 761
527 622
528 925
529 625
53 754
53 89
530 581
531 915
533 587
533 848
534 84
536 660
536 819
536 860
537 591
538 58
538 863
54 928
540 783
540 889
541 564
541 724
541 851
543 592
543 737
543 801
544 960
545 890
545 925
545 959
546 711
547 6
547 772
549 575
549 998
55 680
55 737
55 86
550 663
550 861
550 948
551 796
551 851
553 814
554 735
554 826
554 98
555 935
556 957
557 666
558 623
558 829
558 964
56 95
560 963
561 590
561 90
562 897
562 939
563 643
563 888
564 640
564 708
564 751
565 581
565 682
566 61
566 953
566 984
567 869
568 645
568 99
569 600
569 96
57 624
57 644
57 684
57 816
570 574
570 654
570 695
570 776
570 913
571 779
572 59
572 895
573 981
575 812
575 996
576 741
576 814
576 886
577 973
58 672
580 631
580 735
580 85
581 760
581 784
584 683
585 954
586 960
587 661
587 731
587 785
587 844
589 603
59 963
590 715
590 89
591 930
592 828
592 948
594 759
594 840
595 805
595 914
595 946
596 783
597 833
598 869
598 943
599 628
599 725
6 687
6 769
6 800
60 853
601 655
602 632
602 735
602 803
603 633
603 934
604 948
605 904
607 991
608 806
609 987
610 87
611 831
611 966
612 718
613 697
613 764
613 915
614 763
614 922
615 627
615 744
616 854
617 822
618 645
618 661
618 938
619 905
62 72
62 828
620 853
621 797
621 970
622 679
623 85
625 69
625 996
626 825
627 672
627 747
627 877
628 669
628 956
63 746
63 843
630 726
632 669
633 659
636 772
637 821
639 858
64 851
640 782
642 872
643 656
645 982
646 673
647 76
648 845
65 806
650 707
651 738
651 785
651 93
652 697
653 692
653 728
654 68
655 685
655 998
656 88
657 876
657 898
659 671
662 763
662 912
663 791
663 951
664 964
665 769
665 98
666 996
666 999
668 924
668 967
67 915
67 977
670 74
670 907
673 908
675 907
676 760
677 761
678 72
678 901
680 921
681 898
681 979
682 81
682 959
687 894
688 876
688 938
690 811
690 891
691 783
691 94
692 856
694 704
696 974
698 712
699 754
699 924
70 78
70 780
70 862
700 776
701 829
703 95
704 872
704 888
705 753
706 779
706 81
708 970
709 836
711 976
713 839
714 821
714 970
714 984
715 904
716 870
716 895
717 723
717 748
72 973
720 947
721 755
721 767
721 919
723 74
724 871
725 926
726 736
728 813
729 798
73 885
731 958
732 762
733 812
733 883
734 805
734 81
736 971
739 829
740 910
741 745
741 910
742 917
742 994
743 766
744 949
745 863
747 852
749 830
75 848
750 961
751 834
751 995
752 928
754 796
756 970
757 818
757 902
757 911
760 80
760 880
761 950
761 964
764 94
766 927
768 805
771 845
771 878
771 931
772 85
773 840
774 92
775 975
776 983
777 918
778 78
779 928
779 973
781 85
782 852
782 936
792 978
793 798
794 853
794 896
796 915
799 90
801 882
803 963
804 859
806 860
806 934
808 843
81 842
810 864
810 940
810 96
811 823
811 837
815 819
815 872
815 953
817 825
817 881
818 864
818 985
820 86
820 896
826 889
827 978
829 869
829 917
829 926
832 991
836 92
837 839
843 965
844 876
844 900
846 978
847 919
855 940
857 896
861 933
862 922
862 968
863 869
867 922
868 970
87 888
874 889
879 942
879 96
885 910
887 940
893 99
896 908
9 915
90 993
91 998
916 991
919 980
920 953
923 958
931 980
931 997
941 944
947 952
948 955
948 993
97 977
983 986
983 992
989 992
992 994
