0 1
0 499
0 500
0 999
1 2
1 500
1 501
10 11
10 509
10 510
10 9
100 101
100 599
100 600
100 99
101 102
101 600
101 601
102 103
102 601
102 602
103 104
103 602
103 603
104 105
104 603
104 604
105 106
105 604
105 605
106 107
106 605
106 606
107 108
107 606
107 607
108 109
108 607
108 608
109 110
109 608
109 609
11 12
11 510
11 511
110 111
110 609
110 610
111 112
111 610
111 611
112 113
112 611
112 612
113 114
113 612
113 613
114 115
114 613
114 614
115 116
115 614
115 615
116 117
116 615
116 616
117 118
117 616
117 617
118 119
118 617
118 618
119 120
119 618
119 619
12 13
12 511
12 512
120 121
120 619
120 620
121 122
121 620
121 621
122 123
122 621
122 622
123 124
123 622
123 623
124 125
124 623
124 624
125 126
125 624
125 625
126 127
126 625
126 626
127 128
127 626
127 627
128 129
128 627
128 628
129 130
129 628
129 629
13 14
13 512
13 513
130 131
130 629
130 630
131 132
131 630
131 631
132 133
132 631
132 632
133 134
133 632
133 633
134 135
134 633
134 634
135 136
135 634
135 635
136 137
136 635
136 636
137 138
137 636
137 637
138 139
138 637
138 638
139 140
139 638
139 639
14 15
14 513
14 514
140 141
140 639
140 640
141 142
141 640
141 641
142 143
142 641
142 642
143 144
143 642
143 643
144 145
144 643
144 644
145 146
145 644
145 645
146 147
146 645
146 646
147 148
147 646
147 647
148 149
148 647
148 648
149 150
149 648
149 649
15 16
15 514
15 515
150 151
150 649
150 650
151 152
151 650
151 651
152 153
152 651
152 652
153 154
153 652
153 653
154 155
154 653
154 654
155 156
155 654
155 655
156 157
156 655
156 656
157 158
157 656
157 657
158 159
158 657
158 658
159 160
159 658
159 659
16 17
16 515
16 516
160 161
160 659
160 660
161 162
161 660
161 661
162 163
162 661
162 662
163 164
163 662
163 663
164 165
164 663
164 664
165 166
165 664
165 665
166 167
166 665
166 666
167 168
167 666
167 667
168 169
168 667
168 668
169 170
169 668
169 669
17 18
17 516
17 517
170 171
170 669
170 670
171 172
171 670
171 671
172 173
172 671
172 672
173 174
173 672
173 673
174 175
174 673
174 674
175 176
175 674
175 675
176 177
176 675
176 676
177 178
177 676
177 677
178 179
178 677
178 678
179 180
179 678
179 679
18 19
18 517
18 518
180 181
180 679
180 680
181 182
181 680
181 681
182 183
182 681
182 682
183 184
183 682
183 683
184 185
184 683
184 684
185 186
185 684
185 685
186 187
186 685
186 686
187 188
187 686
187 687
188 189
188 687
188 688
189 190
189 688
189 689
19 20
19 518
19 519
190 191
190 689
190 690
191 192
191 690
191 691
192 193
192 691
192 692
193 194
193 692
193 693
194 195
194 693
194 694
195 196
195 694
195 695
196 197
196 695
196 696
197 198
197 696
197 697
198 199
198 697
198 698
199 200
199 698
199 699
2 3
2 501
2 502
20 21
20 519
20 520
200 201
200 699
200 700
201 202
201 700
201 701
202 203
202 701
202 702
203 204
203 702
203 703
204 205
204 703
204 704
205 206
205 704
205 705
206 207
206 705
206 706
207 208
207 706
207 707
208 209
208 707
208 708
209 210
209 708
209 709
21 22
21 520
21 521
210 211
210 709
210 710
211 212
211 710
211 711
212 213
212 711
212 712
213 214
213 712
213 713
214 215
214 713
214 714
215 216
215 714
215 715
216 217
216 715
216 716
217 218
217 716
217 717
218 219
218 717
218 718
219 220
219 718
219 719
22 23
22 521
22 522
220 221
220 719
220 720
221 222
221 720
221 721
222 223
222 721
222 722
223 224
223 722
223 723
224 225
224 723
224 724
225 226
225 724
225 725
226 227
226 725
226 726
227 228
227 726
227 727
228 229
228 727
228 728
229 230
229 728
229 729
23 24
23 522
23 523
230 231
230 729
230 730
231 232
231 730
231 731
232 233
232 731
232 732
233 234
233 732
233 733
234 235
234 733
234 734
235 236
235 734
235 735
236 237
236 735
236 736
237 238
237 736
237 737
238 239
238 737
238 738
239 240
239 738
239 739
24 25
24 523
24 524
240 241
240 739
240 740
241 242
241 740
241 741
242 243
242 741
242 742
243 244
243 742
243 743
244 245
244 743
244 744
245 246
245 744
245 745
246 247
246 745
246 746
247 248
247 746
247 747
248 249
248 747
248 748
249 250
249 748
249 749
25 26
25 524
25 525
250 251
250 749
250 750
251 252
251 750
251 751
252 253
252 751
252 752
253 254
253 752
253 753
254 255
254 753
254 754
255 256
255 754
255 755
256 257
256 755
256 756
257 258
257 756
257 757
258 259
258 757
258 758
259 260
259 758
259 759
26 27
26 525
26 526
260 261
260 759
260 760
261 262
261 760
261 761
262 263
262 761
262 762
263 264
263 762
263 763
264 265
264 763
264 764
265 266
265 764
265 765
266 267
266 765
266 766
267 268
267 766
267 767
268 269
268 767
268 768
269 270
269 768
269 769
27 28
27 526
27 527
270 271
270 769
270 770
271 272
271 770
271 771
272 273
272 771
272 772
273 274
273 772
273 773
274 275
274 773
274 774
275 276
275 774
275 775
276 277
276 775
276 776
277 278
277 776
277 777
278 279
278 777
278 778
279 280
279 778
279 779
28 29
28 527
28 528
280 281
280 779
280 780
281 282
281 780
281 781
282 283
282 781
282 782
283 284
283 782
283 783
284 285
284 783
284 784
285 286
285 784
285 785
286 287
286 785
286 786
287 288
287 786
287 787
288 289
288 787
288 788
289 290
289 788
289 789
29 30
29 528
29 529
290 291
290 789
290 790
291 292
291 790
291 791
292 293
292 791
292 792
293 294
293 792
293 793
294 295
294 793
294 794
295 296
295 794
295 795
296 297
296 795
296 796
297 298
297 796
297 797
298 299
298 797
298 798
299 300
299 798
299 799
3 4
3 502
3 503
30 31
30 529
30 530
300 301
300 799
300 800
301 302
301 800
301 801
302 303
302 801
302 802
303 304
303 802
303 803
304 305
304 803
304 804
305 306
305 804
305 805
306 307
306 805
306 806
307 308
307 806
307 807
308 309
308 807
308 808
309 310
309 808
309 809
31 32
31 530
31 531
310 311
310 809
310 810
311 312
311 810
311 811
312 313
312 811
312 812
313 314
313 812
313 813
314 315
314 813
314 814
315 316
315 814
315 815
316 317
316 815
316 816
317 318
317 816
317 817
318 319
318 817
318 818
319 320
319 818
319 819
32 33
32 531
32 532
320 321
320 819
320 820
321 322
321 820
321 821
322 323
322 821
322 822
323 324
323 822
323 823
324 325
324 823
324 824
325 326
325 824
325 825
326 327
326 825
326 826
327 328
327 826
327 827
328 329
328 827
328 828
329 330
329 828
329 829
33 34
33 532
33 533
330 331
330 829
330 830
331 332
331 830
331 831
332 333
332 831
332 832
333 334
333 832
333 833
334 335
334 833
334 834
335 336
335 834
335 835
336 337
336 835
336 836
337 338
337 836
337 837
338 339
338 837
338 838
339 340
339 838
339 839
34 35
34 533
34 534
340 341
340 839
340 840
341 342
341 840
341 841
342 343
342 841
342 842
343 344
343 842
343 843
344 345
344 843
344 844
345 346
345 844
345 845
346 347
346 845
346 846
347 348
347 846
347 847
348 349
348 847
348 848
349 350
349 848
349 849
35 36
35 534
35 535
350 351
350 849
350 850
351 352
351 850
351 851
352 353
352 851
352 852
353 354
353 852
353 853
354 355
354 853
354 854
355 356
355 854
355 855
356 357
356 855
356 856
357 358
357 856
357 857
358 359
358 857
358 858
359 360
359 858
359 859
36 37
36 535
36 536
360 361
360 859
360 860
361 362
361 860
361 861
362 363
362 861
362 862
363 364
363 862
363 863
364 365
364 863
364 864
365 366
365 864
365 865
366 367
366 865
366 866
367 368
367 866
367 867
368 369
368 867
368 868
369 370
369 868
369 869
37 38
37 536
37 537
370 371
370 869
370 870
371 372
371 870
371 871
372 373
372 871
372 872
373 374
373 872
373 873
374 375
374 873
374 874
375 376
375 874
375 875
376 377
376 875
376 876
377 378
377 876
377 877
378 379
378 877
378 878
379 380
379 878
379 879
38 39
38 537
38 538
380 381
380 879
380 880
381 382
381 880
381 881
382 383
382 881
382 882
383 384
383 882
383 883
384 385
384 883
384 884
385 386
385 884
385 885
386 387
386 885
386 886
387 388
387 886
387 887
388 389
388 887
388 888
389 390
389 888
389 889
39 40
39 538
39 539
390 391
390 889
390 890
391 392
391 890
391 891
392 393
392 891
392 892
393 394
393 892
393 893
394 395
394 893
394 894
395 396
395 894
395 895
396 397
396 895
396 896
397 398
397 896
397 897
398 399
398 897
398 898
399 400
399 898
399 899
4 5
4 503
4 504
40 41
40 539
40 540
400 401
400 899
400 900
401 402
401 900
401 901
402 403
402 901
402 902
403 404
403 902
403 903
404 405
404 903
404 904
405 406
405 904
405 905
406 407
406 905
406 906
407 408
407 906
407 907
408 409
408 907
408 908
409 410
409 908
409 909
41 42
41 540
41 541
410 411
410 909
410 910
411 412
411 910
411 911
412 413
412 911
412 912
413 414
413 912
413 913
414 415
414 913
414 914
415 416
415 914
415 915
416 417
416 915
416 916
417 418
417 916
417 917
418 419
418 917
418 918
419 420
419 918
419 919
42 43
42 541
42 542
420 421
420 919
420 920
421 422
421 920
421 921
422 423
422 921
422 922
423 424
423 922
423 923
424 425
424 923
424 924
425 426
425 924
425 925
426 427
426 925
426 926
427 428
427 926
427 927
428 429
428 927
428 928
429 430
429 928
429 929
43 44
43 542
43 543
430 431
430 929
430 930
431 432
431 930
431 931
432 433
432 931
432 932
433 434
433 932
433 933
434 435
434 933
434 934
435 436
435 934
435 935
436 437
436 935
436 936
437 438
437 936
437 937
438 439
438 937
438 938
439 440
439 938
439 939
44 45
44 543
44 544
440 441
440 939
440 940
441 442
441 940
441 941
442 443
442 941
442 942
443 444
443 942
443 943
444 445
444 943
444 944
445 446
445 944
445 945
446 447
446 945
446 946
447 448
447 946
447 947
448 449
448 947
448 948
449 450
449 948
449 949
45 46
45 544
45 545
450 451
450 949
450 950
451 452
451 950
451 951
452 453
452 951
452 952
453 454
453 952
453 953
454 455
454 953
454 954
455 456
455 954
455 955
456 457
456 955
456 956
457 458
457 956
457 957
458 459
458 957
458 958
459 460
459 958
459 959
46 47
46 545
46 546
460 461
460 959
460 960
461 462
461 960
461 961
462 463
462 961
462 962
463 464
463 962
463 963
464 465
464 963
464 964
465 466
465 964
465 965
466 467
466 965
466 966
467 468
467 966
467 967
468 469
468 967
468 968
469 470
469 968
469 969
47 48
47 546
47 547
470 471
470 969
470 970
471 472
471 970
471 971
472 473
472 971
472 972
473 474
473 972
473 973
474 475
474 973
474 974
475 476
475 974
475 975
476 477
476 975
476 976
477 478
477 976
477 977
478 479
478 977
478 978
479 480
479 978
479 979
48 49
48 547
48 548
480 481
480 979
480 980
481 482
481 980
481 981
482 483
482 981
482 982
483 484
483 982
483 983
484 485
484 983
484 984
485 486
485 984
485 985
486 487
486 985
486 986
487 488
487 986
487 987
488 489
488 987
488 988
489 490
489 988
489 989
49 50
49 548
49 549
490 491
490 989
490 990
491 492
491 990
491 991
492 493
492 991
492 992
493 494
493 992
493 993
494 495
494 993
494 994
495 496
495 994
495 995
496 497
496 995
496 996
497 498
497 996
497 997
498 499
498 997
498 998
499 998
499 999
5 504
5 505
5 6
50 51
50 549
50 550
500 501
500 999
501 502
502 503
503 504
504 505
505 506
505 6
506 507
506 6
506 7
507 508
507 7
507 8
508 509
508 8
508 9
509 510
509 9
51 52
51 550
51 551
510 511
511 512
512 513
513 514
514 515
515 516
516 517
517 518
518 519
519 520
52 53
52 551
52 552
520 521
521 522
522 523
523 524
524 525
525 526
526 527
527 528
528 529
529 530
53 54
53 552
53 553
530 531
531 532
532 533
533 534
534 535
535 536
536 537
537 538
538 539
539 540
54 55
54 553
54 554
540 541
541 542
542 543
543 544
544 545
545 546
546 547
547 548
548 549
549 550
55 554
55 555
55 56
550 551
551 552
552 553
553 554
554 555
555 556
555 56
556 557
556 56
556 57
557 558
557 57
557 58
558 559
558 58
558 59
559 560
559 59
559 60
56 57
560 561
560 60
560 61
561 562
561 61
561 62
562 563
562 62
562 63
563 564
563 63
563 64
564 565
564 64
564 65
565 566
565 65
565 66
566 567
566 66
566 67
567 568
567 67
567 68
568 569
568 68
568 69
569 570
569 69
569 70
57 58
570 571
570 70
570 71
571 572
571 71
571 72
572 573
572 72
572 73
573 574
573 73
573 74
574 575
574 74
574 75
575 576
575 75
575 76
576 577
576 76
576 77
577 578
577 77
577 78
578 579
578 78
578 79
579 580
579 79
579 80
58 59
580 581
580 80
580 81
581 582
581 81
581 82
582 583
582 82
582 83
583 584
583 83
583 84
584 585
584 84
584 85
585 586
585 85
585 86
586 587
586 86
586 87
587 588
587 87
587 88
588 589
588 88
588 89
589 590
589 89
589 90
59 60
590 591
590 90
590 91
591 592
591 91
591 92
592 593
592 92
592 93
593 594
593 93
593 94
594 595
594 94
594 95
595 596
595 95
595 96
596 597
596 96
596 97
597 598
597 97
597 98
598 599
598 98
598 99
599 600
599 99
6 7
60 61
600 601
601 602
602 603
603 604
604 605
605 606
606 607
607 608
608 609
609 610
61 62
610 611
611 612
612 613
613 614
614 615
615 616
616 617
617 618
618 619
619 620
62 63
620 621
621 622
622 623
623 624
624 625
625 626
626 627
627 628
628 629
629 630
63 64
630 631
631 632
632 633
633 634
634 635
635 636
636 637
637 638
638 639
639 640
64 65
640 641
641 642
642 643
643 644
644 645
645 646
646 647
647 648
648 649
649 650
65 66
650 651
651 652
652 653
653 654
654 655
655 656
656 657
657 658
658 659
659 660
66 67
660 661
661 662
662 663
663 664
664 665
665 666
666 667
667 668
668 669
669 670
67 68
670 671
671 672
672 673
673 674
674 675
675 676
676 677
677 678
678 679
679 680
68 69
680 681
681 682
682 683
683 684
684 685
685 686
686 687
687 688
688 689
689 690
69 70
690 691
691 692
692 693
693 694
694 695
695 696
696 697
697 698
698 699
699 700
7 8
70 71
700 701
701 702
702 703
703 704
704 705
705 706
706 707
707 708
708 709
709 710
71 72
710 711
711 712
712 713
713 714
714 715
715 716
716 717
717 718
718 719
719 720
72 73
720 721
721 722
722 723
723 724
724 725
725 726
726 727
727 728
728 729
729 730
73 74
730 731
731 732
732 733
733 734
734 735
735 736
736 737
737 738
738 739
739 740
74 75
740 741
741 742
742 743
743 744
744 745
745 746
746 747
747 748
748 749
749 750
75 76
750 751
751 752
752 753
753 754
754 755
755 756
756 757
757 758
758 759
759 760
76 77
760 761
761 762
762 763
763 764
764 765
765 766
766 767
767 768
768 769
769 770
77 78
770 771
771 772
772 773
773 774
774 775
775 776
776 777
777 778
778 779
779 780
78 79
780 781
781 782
782 783
783 784
784 785
785 786
786 787
787 788
788 789
789 790
79 80
790 791
791 792
792 793
793 794
794 795
795 796
796 797
797 798
798 799
799 800
8 9
80 81
800 801
801 802
802 803
803 804
804 805
805 806
806 807
807 808
808 809
809 810
81 82
810 811
811 812
812 813
813 814
814 815
815 816
816 817
817 818
818 819
819 820
82 83
820 821
821 822
822 823
823 824
824 825
825 826
826 827
827 828
828 829
829 830
83 84
830 831
831 832
832 833
833 834
834 835
835 836
836 837
837 838
838 839
839 840
84 85
840 841
841 842
842 843
843 844
844 845
845 846
846 847
847 848
848 849
849 850
85 86
850 851
851 852
852 853
853 854
854 855
855 856
856 857
857 858
858 859
859 860
86 87
860 861
861 862
862 863
863 864
864 865
865 866
866 867
867 868
868 869
869 870
87 88
870 871
871 872
872 873
873 874
874 875
875 876
876 877
877 878
878 879
879 880
88 89
880 881
881 882
882 883
883 884
884 885
885 886
886 887
887 888
888 889
889 890
89 90
890 891
891 892
892 893
893 894
894 895
895 896
896 897
897 898
898 899
899 900
90 91
900 901
901 902
902 903
903 904
904 905
905 906
906 907
907 908
908 909
909 910
91 92
910 911
911 912
912 913
913 914
914 915
915 916
916 917
917 918
918 919
919 920
92 93
920 921
921 922
922 923
923 924
924 925
925 926
926 927
927 928
928 929
929 930
93 94
930 931
931 932
932 933
933 934
934 935
935 936
936 937
937 938
938 939
939 940
94 95
940 941
941 942
942 943
943 944
944 945
945 946
946 947
947 948
948 949
949 950
95 96
950 951
951 952
952 953
953 954
954 955
955 956
956 957
957 958
958 959
959 960
96 97
960 961
961 962
962 963
963 964
964 965
965 966
966 967
967 968
968 969
969 970
97 98
970 971
971 972
972 973
973 974
974 975
975 976
976 977
977 978
978 979
979 980
98 99
980 981
981 982
982 983
983 984
984 985
985 986
986 987
987 988
988 989
989 990
990 991
991 992
992 993
993 994
994 995
995 996
996 997
997 998
998 999
