0 214
0 222
0 306
0 340
0 347
0 428
0 440
0 537
0 740
0 815
1 121
1 232
1 392
1 5
1 568
1 827
1 863
1 896
10 116
10 175
10 335
10 565
10 69
10 72
10 749
10 780
10 832
10 978
100 289
100 457
100 516
100 640
100 644
100 826
101 281
101 348
101 432
101 491
101 631
101 646
101 692
101 696
101 755
101 775
101 808
102 263
102 285
102 293
102 297
102 388
102 424
102 426
102 442
102 478
102 512
102 590
102 625
102 793
102 815
102 862
103 436
103 441
103 465
103 508
103 513
103 614
103 698
104 109
104 185
104 222
104 353
104 356
104 445
104 456
104 534
104 54
104 639
104 640
104 724
104 77
104 921
104 987
104 991
105 215
105 29
105 312
105 388
105 604
105 610
105 628
105 651
105 657
105 711
105 777
105 841
105 874
106 259
106 545
106 554
106 562
106 735
106 829
106 913
106 969
106 989
107 188
107 272
107 293
107 32
107 378
107 606
107 611
107 631
107 713
107 761
107 870
107 965
108 2
108 269
108 853
108 873
109 427
109 436
109 511
109 522
109 589
109 619
109 645
109 717
109 74
109 877
109 920
109 932
11 377
11 416
11 42
11 441
11 530
11 553
11 589
11 625
11 695
11 754
11 779
11 78
11 824
11 896
110 258
110 275
110 325
110 475
110 670
110 705
110 80
110 821
110 844
111 127
111 159
111 356
111 398
111 539
111 630
111 745
112 303
112 373
112 386
112 438
112 439
112 496
112 682
112 720
112 761
112 765
112 790
112 803
112 885
112 995
113 154
113 234
113 249
113 280
113 383
113 388
113 391
113 568
113 702
113 826
113 898
113 902
114 18
114 180
114 2
114 430
114 675
114 716
114 747
114 883
115 321
115 406
115 509
115 724
116 309
116 665
116 675
116 755
116 761
116 965
117 21
117 348
117 367
117 426
117 447
117 526
117 568
117 654
117 692
117 890
117 907
117 954
118 238
118 239
118 26
118 30
118 307
118 359
118 373
118 391
118 477
118 598
118 601
118 614
118 654
118 699
118 832
118 837
119 154
119 224
119 385
119 390
119 500
119 535
119 547
119 578
119 631
119 708
119 78
119 808
119 855
12 138
12 18
12 186
12 441
12 60
12 756
12 798
12 82
12 842
12 911
120 327
120 461
120 603
120 771
120 802
120 858
121 387
121 400
121 478
121 564
121 655
121 677
121 706
121 714
121 747
121 875
121 924
122 268
122 389
122 425
122 609
122 704
122 81
122 880
122 952
122 977
123 147
123 29
123 372
123 481
123 549
123 569
123 645
123 780
123 793
123 956
124 136
124 176
124 256
124 260
124 311
124 356
124 526
124 555
124 702
124 961
125 135
125 251
125 299
125 530
125 557
125 563
125 594
125 610
125 630
125 666
125 802
125 921
126 157
126 173
126 189
126 334
126 405
126 490
126 558
126 572
126 624
126 659
126 722
126 86
126 909
127 128
127 13
127 206
127 266
127 295
127 316
127 472
127 555
128 282
128 336
128 503
128 544
128 679
128 841
128 967
129 18
129 191
129 247
129 359
129 449
129 453
129 458
129 461
129 614
129 616
129 647
129 654
129 675
129 764
129 805
129 808
129 936
129 94
129 980
13 157
13 37
13 683
13 750
13 783
13 884
13 939
130 172
130 19
130 196
130 199
130 219
130 476
130 530
130 558
130 694
130 814
130 875
131 449
131 461
131 664
131 795
131 948
131 972
132 183
132 209
132 441
132 51
132 512
132 575
132 604
132 657
132 680
132 769
132 810
132 811
132 867
132 887
132 935
132 947
133 241
133 374
133 41
133 474
133 579
133 671
133 793
133 839
133 871
133 965
134 213
134 247
134 29
134 368
134 471
134 503
134 552
134 616
134 822
135 174
135 512
135 590
135 71
135 745
135 84
135 872
135 882
135 950
135 997
136 220
136 232
136 295
136 428
136 61
136 69
136 823
136 864
137 206
137 267
137 307
137 572
137 593
137 625
137 721
137 821
137 822
137 827
138 371
138 399
138 493
138 503
138 605
138 668
138 786
138 876
139 186
139 234
139 270
139 670
139 722
139 918
139 972
14 305
14 389
14 439
14 578
14 622
14 746
14 752
14 984
140 421
140 428
140 510
140 563
140 595
140 73
140 825
141 173
141 220
141 276
141 312
141 378
141 417
141 68
141 984
142 493
142 507
142 598
142 601
142 638
142 641
142 883
142 944
142 990
143 613
143 637
143 655
143 675
143 698
143 715
143 764
143 812
143 924
143 935
144 226
144 26
144 285
144 337
144 370
144 403
144 414
144 52
144 567
144 747
144 854
144 94
145 22
145 358
145 444
145 481
145 624
145 792
145 807
145 992
146 157
146 219
146 3
146 334
146 501
146 549
146 747
146 774
146 804
146 985
146 992
147 374
147 590
147 811
147 823
147 873
147 890
147 985
148 206
148 39
148 447
148 630
148 633
148 688
148 735
148 759
148 915
149 180
149 187
149 349
149 40
149 490
149 60
149 770
149 778
149 792
149 794
149 856
149 939
15 334
15 404
15 480
15 595
15 698
15 781
15 834
15 912
150 19
150 216
150 240
150 418
150 548
150 590
150 66
150 95
150 973
151 2
151 643
151 734
151 847
151 848
151 947
152 177
152 19
152 283
152 524
152 739
152 842
152 898
152 958
153 186
153 252
153 253
153 294
153 312
153 398
153 464
153 503
153 635
154 20
154 225
154 31
154 361
154 362
154 470
154 551
154 552
154 594
154 777
154 835
154 960
154 997
155 199
155 253
155 314
155 322
155 336
155 527
155 61
155 775
155 838
155 930
155 932
155 97
156 196
156 556
156 642
156 790
156 832
156 881
156 912
156 949
156 989
157 181
157 363
157 401
157 551
157 559
157 638
157 641
157 722
157 822
157 854
157 981
158 312
158 353
158 364
158 374
158 399
158 459
158 467
158 606
158 661
158 931
158 934
159 360
159 398
159 494
159 554
159 624
159 637
159 648
159 653
159 701
159 835
159 892
159 95
159 953
16 460
16 849
16 851
160 162
160 284
160 421
160 473
160 496
160 550
160 56
160 752
160 781
160 938
160 954
161 261
161 290
161 318
161 335
161 363
161 513
161 550
161 590
161 691
161 731
161 749
161 864
161 865
161 906
161 933
162 165
162 172
162 398
162 491
162 597
162 629
162 67
162 79
162 805
162 841
162 855
162 887
162 925
163 171
163 222
163 3
163 328
163 334
163 586
163 65
164 246
164 446
164 579
164 799
165 200
165 295
165 328
165 367
165 422
165 474
165 660
165 735
165 852
165 969
165 977
166 20
166 444
166 494
166 621
166 671
166 758
166 92
166 993
167 242
167 401
167 598
167 776
167 843
168 200
168 250
168 342
168 348
168 683
168 806
168 911
168 948
169 20
169 566
169 631
169 756
169 788
169 828
169 879
169 965
169 978
169 981
17 189
17 253
17 33
17 342
17 346
17 488
17 616
17 795
17 803
17 895
17 939
170 289
170 425
170 554
170 609
170 662
170 752
171 203
171 248
171 305
171 509
171 538
171 601
171 78
171 832
171 898
171 904
171 992
172 224
172 269
172 277
172 278
172 316
172 362
172 420
172 429
172 444
172 687
172 873
172 945
173 205
173 35
173 512
173 585
173 698
173 824
173 924
174 259
174 277
174 322
174 492
174 584
174 851
174 913
175 247
175 288
175 306
175 402
175 486
175 597
175 598
175 632
175 72
175 859
175 892
175 985
176 298
176 326
176 505
176 525
176 569
176 621
176 630
176 851
176 995
177 21
177 26
177 403
177 424
177 577
177 689
177 737
177 812
177 872
177 932
177 993
178 191
178 194
178 567
178 648
178 667
178 777
178 88
178 895
178 988
179 195
179 336
179 457
179 467
179 51
179 527
179 602
179 647
179 751
179 76
179 785
179 934
179 986
18 340
18 379
18 467
18 487
18 566
18 639
18 641
18 651
180 346
180 350
180 394
180 423
180 50
180 57
180 680
180 74
180 807
181 231
181 246
181 331
181 642
181 867
181 960
182 184
182 284
182 420
182 499
182 689
182 781
182 824
182 873
182 943
182 995
183 204
183 327
183 44
183 451
183 577
183 64
183 653
183 909
183 999
184 310
184 512
184 524
184 548
184 553
184 58
184 602
184 61
184 731
185 257
185 362
185 54
185 939
186 342
186 397
186 414
186 428
186 645
186 669
186 773
186 836
186 867
186 904
187 192
187 502
187 516
187 54
187 57
187 579
187 695
187 738
187 800
187 834
188 411
188 594
188 597
188 621
188 625
188 63
188 649
188 837
189 193
189 197
189 449
189 47
189 488
189 559
189 730
189 741
189 938
189 968
19 355
19 545
19 573
19 838
19 964
190 264
190 494
190 50
190 540
190 748
190 840
190 866
191 290
191 315
191 318
191 384
191 397
191 52
191 533
191 535
191 577
191 742
191 755
191 757
191 795
191 821
192 267
192 385
192 448
192 60
192 645
192 719
192 880
192 891
192 940
192 98
193 223
193 247
193 355
193 389
193 479
193 500
193 504
193 643
193 718
193 777
193 808
193 948
193 984
194 210
194 249
194 267
194 27
194 317
194 322
194 519
194 522
194 527
195 241
195 25
195 325
195 373
195 436
195 472
195 545
195 661
195 693
195 751
195 936
196 281
196 674
196 702
196 706
197 205
197 220
197 224
197 263
197 369
197 388
197 425
197 5
197 50
197 578
197 601
197 796
198 587
198 68
198 753
198 907
198 923
199 274
199 362
199 500
199 528
199 547
199 811
2 283
2 308
2 437
2 443
2 683
2 713
2 761
2 906
2 969
20 332
20 449
20 624
20 72
20 761
20 835
20 979
20 991
200 511
200 94
201 207
201 263
201 439
201 458
201 821
201 860
201 927
202 287
202 328
202 396
202 685
202 712
202 763
202 802
202 812
202 947
202 969
203 247
203 290
203 387
203 653
203 750
203 765
203 786
203 795
203 931
204 449
205 208
205 209
205 238
205 26
205 430
205 455
205 48
205 661
205 755
205 958
206 41
206 412
206 416
206 531
206 609
206 623
206 672
206 802
206 840
206 844
206 959
206 985
207 212
207 215
207 321
207 540
207 546
207 720
207 737
207 839
207 881
207 901
207 993
208 390
208 433
208 655
208 696
208 771
208 793
208 814
208 89
209 237
209 414
209 513
209 6
209 840
209 865
21 302
21 326
21 51
21 715
21 799
21 960
21 982
21 997
210 343
210 531
210 70
210 857
210 881
211 24
211 261
211 33
211 350
211 486
211 569
211 596
211 631
211 668
211 678
211 788
211 798
211 823
211 837
211 844
212 532
212 586
212 876
212 913
212 937
213 549
213 577
213 613
213 729
213 786
213 791
213 869
213 972
214 25
214 30
214 494
214 585
214 9
214 946
214 966
215 288
215 450
215 555
215 600
215 659
215 76
215 883
215 954
216 318
216 333
216 399
216 604
216 72
216 750
216 775
216 796
216 954
216 997
217 258
217 292
217 307
217 325
217 355
217 584
217 607
217 631
217 907
217 960
218 321
218 40
218 517
218 518
218 522
218 55
218 614
218 643
218 753
218 869
218 913
218 956
219 29
219 296
219 308
219 414
219 587
219 608
219 654
219 684
219 691
219 784
219 834
219 995
22 235
22 479
22 893
220 427
220 494
220 554
220 630
220 645
220 843
220 961
221 4
221 640
221 81
221 812
221 898
221 908
221 934
221 938
221 966
222 309
222 314
222 36
222 365
222 398
222 44
222 503
222 608
222 708
222 897
223 246
223 250
223 470
223 743
223 882
223 91
223 92
223 929
224 323
224 329
224 476
224 506
224 64
224 779
224 80
224 868
224 907
224 950
225 24
225 348
225 40
225 496
225 534
225 615
225 633
225 802
226 437
226 503
226 514
226 553
226 648
226 75
226 807
226 992
227 232
227 338
227 406
227 459
227 493
227 568
227 752
227 913
228 237
228 248
228 276
228 453
228 487
228 497
228 502
228 563
228 579
228 769
228 811
228 828
228 86
228 907
228 992
229 307
229 398
229 421
229 463
229 466
229 561
229 92
229 955
23 245
23 269
23 339
23 372
23 422
23 49
23 615
23 720
23 756
230 295
230 496
230 501
230 66
230 768
230 892
230 895
230 940
230 947
231 334
231 39
231 482
231 602
231 621
231 695
231 706
231 965
232 278
232 615
232 668
232 719
232 729
232 788
232 849
232 910
232 918
232 964
232 980
233 252
233 274
233 308
233 350
233 38
233 541
233 624
233 625
233 686
233 787
233 932
233 965
233 983
234 283
234 491
234 519
234 779
234 819
234 829
234 862
235 243
235 387
235 729
235 730
235 781
235 848
235 917
235 938
236 239
236 284
236 323
236 40
236 489
236 523
236 641
236 649
236 843
236 941
236 983
237 24
237 294
237 303
237 338
237 341
237 347
237 379
237 385
237 568
237 616
237 710
237 973
238 319
238 423
238 435
238 463
238 515
238 648
238 649
238 798
238 804
238 87
238 886
238 943
239 268
239 36
239 622
239 645
239 786
239 794
239 872
239 936
239 937
239 986
24 359
24 463
24 504
24 652
24 814
24 880
24 906
240 347
240 42
240 497
240 713
240 753
240 838
240 895
240 966
241 492
241 538
241 775
241 999
242 255
242 28
242 340
242 469
242 57
242 605
242 607
242 905
242 967
243 365
243 421
243 475
243 882
243 921
243 922
243 939
244 375
244 393
244 450
244 456
244 510
244 523
244 525
244 655
244 681
244 69
244 762
244 890
244 947
244 985
245 332
245 519
245 666
245 694
245 728
245 814
245 841
245 861
245 920
245 960
246 356
246 374
246 379
246 387
246 47
246 624
246 876
246 906
246 96
247 335
247 605
247 63
247 683
247 684
247 691
247 710
247 827
247 982
248 260
248 344
248 42
248 447
248 555
248 590
248 674
248 785
248 917
248 927
248 957
248 992
249 330
249 341
249 451
249 478
249 600
249 765
249 870
25 260
25 350
25 403
25 474
25 773
25 873
25 944
25 995
250 272
250 372
250 504
250 639
250 651
250 701
250 765
250 789
250 841
250 910
250 95
251 257
251 264
251 356
251 382
251 583
251 611
251 630
251 746
251 791
251 816
251 998
252 269
252 345
252 361
252 50
252 529
252 692
252 764
252 931
253 494
253 58
253 595
253 614
253 627
253 799
253 832
253 918
254 734
254 803
255 287
255 339
255 357
255 37
255 402
255 416
255 426
255 487
255 49
255 495
255 596
255 605
255 647
255 94
255 954
256 34
256 43
256 440
256 696
256 735
256 923
256 938
257 398
257 427
257 556
257 580
257 586
257 840
257 909
257 964
258 259
258 290
258 456
258 513
258 518
258 935
259 340
259 505
259 542
259 543
259 59
259 87
259 950
26 41
26 466
26 550
26 591
26 717
260 297
260 33
260 379
260 426
260 440
260 736
260 737
260 846
260 950
261 650
261 826
261 989
262 327
262 351
262 551
262 598
262 649
262 849
262 978
263 307
263 340
263 390
263 469
263 506
263 656
263 668
263 750
263 925
264 396
264 429
264 430
264 438
264 657
264 710
264 764
264 775
264 851
265 268
265 377
265 414
265 455
265 667
265 714
265 833
266 341
266 437
266 666
266 691
266 758
266 866
266 872
267 382
267 416
267 457
267 530
267 588
267 607
267 646
267 659
267 663
267 698
267 762
267 83
267 939
268 413
268 468
268 511
268 613
268 734
268 868
268 995
269 270
269 271
269 279
269 417
269 438
269 459
269 552
269 605
269 762
269 800
269 892
27 356
27 379
27 610
27 662
27 705
27 86
270 374
270 481
270 487
270 507
270 623
270 764
270 768
270 960
271 304
271 336
271 476
271 498
271 971
272 283
272 289
272 358
272 397
272 476
272 664
272 668
272 670
272 755
272 883
272 886
272 945
273 360
273 409
273 415
273 581
273 759
273 760
273 824
273 827
273 883
274 277
274 322
274 397
274 42
274 432
274 435
274 540
274 544
274 60
274 604
274 605
274 700
274 751
274 760
275 316
275 645
275 674
275 755
275 828
275 861
275 878
276 517
276 729
276 740
276 837
276 845
276 872
276 945
277 672
277 728
277 846
278 375
278 391
278 409
278 659
278 72
278 783
278 789
278 801
279 375
279 532
279 537
279 677
279 847
279 896
279 945
279 975
28 32
28 342
28 436
28 51
28 546
28 676
28 996
280 392
280 441
280 484
280 498
280 599
280 657
280 682
280 770
280 784
280 794
280 803
280 873
280 977
281 542
281 699
282 420
282 576
282 652
282 757
282 764
282 815
282 840
282 970
283 41
283 565
283 566
283 581
283 615
283 636
283 68
283 695
283 757
283 88
283 945
283 962
284 325
284 376
284 48
284 485
284 515
284 669
284 74
284 771
284 916
285 34
285 384
285 475
285 606
285 65
285 718
285 722
285 76
285 874
286 362
286 393
286 428
286 452
286 57
286 596
286 96
287 419
287 496
287 574
287 635
287 651
287 722
287 770
287 914
288 41
288 451
288 623
288 779
288 947
289 36
289 377
289 387
289 612
289 678
289 735
289 866
289 944
29 404
29 531
29 635
29 791
29 890
29 921
29 928
290 326
290 5
290 520
290 540
290 542
290 563
290 594
290 603
290 697
291 293
291 383
291 450
291 460
291 606
291 960
291 988
292 426
292 442
292 531
292 821
292 840
292 850
292 861
292 979
293 359
293 452
293 571
293 850
293 889
293 899
293 910
293 969
294 313
294 399
294 449
294 477
294 708
294 762
294 794
294 864
294 938
294 965
295 400
295 537
295 648
295 70
295 820
295 831
295 861
295 895
296 333
296 469
296 594
296 6
296 72
296 878
296 881
297 353
297 373
297 41
297 447
297 501
297 520
297 607
297 766
297 780
297 815
297 916
298 422
298 424
298 473
298 650
298 738
298 740
299 341
299 484
299 544
299 597
299 675
299 691
299 730
299 829
299 978
299 995
3 41
3 46
3 519
3 814
30 367
30 627
30 754
30 783
30 818
300 367
300 5
300 560
300 603
300 865
300 874
301 345
301 359
301 645
301 724
301 732
301 741
301 795
301 853
301 870
302 412
302 428
302 497
302 550
302 553
302 661
302 667
302 671
302 679
302 70
302 869
302 90
303 312
303 387
303 4
303 46
303 609
303 66
303 663
303 737
303 834
303 952
304 36
304 397
304 411
304 494
304 536
304 61
304 649
304 72
304 815
305 383
305 387
305 629
305 66
305 74
305 818
305 922
305 978
306 627
306 654
306 752
306 8
307 396
307 473
307 545
307 564
307 839
307 918
308 375
308 380
308 405
308 410
308 433
308 545
308 606
308 707
308 760
308 778
308 786
308 810
308 907
308 954
309 495
309 564
309 565
309 686
309 706
31 350
31 42
31 843
31 994
310 505
310 629
310 767
310 863
310 914
311 499
311 528
311 844
311 974
312 39
312 427
312 458
312 467
312 471
312 474
312 525
312 564
312 695
312 793
313 325
313 365
313 433
313 582
313 605
313 690
313 713
313 794
313 846
313 848
313 883
313 960
313 998
314 407
314 569
314 692
315 317
315 376
315 561
315 715
315 800
316 415
316 469
316 473
316 598
316 685
316 740
316 864
316 890
316 893
316 945
317 373
317 521
317 605
317 620
317 707
317 9
317 927
317 958
317 969
317 997
318 413
318 448
318 466
318 483
318 589
318 773
318 802
318 972
318 991
319 325
319 404
319 423
319 53
319 583
319 686
319 848
319 898
319 956
32 368
32 454
32 573
32 576
32 639
32 783
32 802
320 328
320 388
320 454
320 475
320 548
320 595
320 736
320 81
321 40
321 46
321 652
321 806
321 937
322 440
322 643
322 794
322 80
322 951
323 570
323 824
323 987
324 326
324 40
324 417
324 617
324 643
324 837
324 993
325 523
325 600
325 625
325 719
325 786
325 801
325 957
325 959
326 38
326 384
326 478
326 561
326 595
326 66
326 696
326 738
326 846
327 376
327 668
327 866
327 98
328 346
328 488
328 562
328 824
329 456
329 501
329 623
329 635
329 65
329 697
329 75
33 362
33 409
33 756
330 40
330 456
330 471
330 636
330 679
330 697
330 704
330 88
330 920
331 338
331 414
331 42
331 640
331 688
331 743
331 857
331 874
332 524
332 535
332 539
332 625
332 734
332 753
332 806
332 95
332 972
333 42
333 444
333 470
333 541
333 771
334 391
334 615
334 724
334 774
335 38
335 415
335 608
335 654
335 809
335 912
335 940
336 366
336 407
336 417
336 465
336 484
336 506
336 792
336 810
336 819
336 871
336 926
336 988
337 367
337 493
337 519
337 669
337 744
338 49
338 617
338 845
338 863
338 981
339 403
339 43
339 564
339 766
34 341
34 42
34 506
34 526
34 603
34 613
34 659
34 681
34 698
34 710
34 757
34 767
34 961
34 974
340 44
340 450
340 504
340 580
340 657
340 702
340 712
340 724
340 742
340 84
340 875
340 930
341 352
341 489
341 581
341 596
341 620
341 736
341 836
341 894
341 915
341 941
342 453
342 520
342 578
342 700
342 734
342 776
342 778
342 812
342 873
342 874
342 903
342 92
343 345
343 368
343 502
343 530
343 560
343 639
343 675
343 807
343 843
344 409
344 428
344 431
344 490
344 56
344 71
344 710
344 739
344 840
344 857
344 864
344 869
344 949
345 419
345 468
345 741
345 749
345 765
345 782
346 445
346 470
346 525
346 583
346 74
346 828
346 943
347 359
347 545
347 58
347 646
347 818
347 931
348 60
348 750
348 777
348 958
349 520
349 675
35 392
35 635
35 7
35 937
35 946
35 95
350 41
350 563
350 637
350 668
350 769
350 772
350 88
350 930
350 941
351 411
351 53
351 563
351 654
351 689
351 72
351 898
352 508
352 677
352 868
352 922
353 469
353 51
353 550
353 573
353 660
353 681
353 730
354 473
354 531
355 400
355 496
355 554
355 584
355 626
355 666
355 754
355 760
355 85
355 942
355 964
356 357
356 380
356 412
356 522
356 674
356 741
356 768
356 792
356 804
356 830
356 95
356 972
357 84
358 523
358 572
358 591
358 690
358 74
358 783
359 369
359 385
359 390
359 438
359 577
359 617
359 701
359 740
359 743
359 751
359 759
359 83
359 850
359 866
359 90
359 913
359 953
359 973
36 722
36 864
36 88
36 887
360 428
360 542
360 6
360 686
360 887
360 941
360 962
360 99
361 368
361 585
361 63
361 650
361 761
361 787
361 805
361 869
362 462
362 47
362 506
362 578
362 587
362 82
362 888
362 901
362 943
363 436
363 445
363 616
363 769
363 953
364 393
364 428
364 456
364 550
364 599
364 718
364 958
365 551
365 599
365 785
366 434
367 765
367 785
367 899
367 930
368 443
368 675
368 690
368 820
368 84
368 891
368 922
368 95
368 959
369 390
369 611
369 671
369 786
369 808
369 810
369 829
369 893
37 400
37 533
37 569
37 701
37 811
37 950
370 449
370 495
370 50
370 521
370 551
370 670
370 697
370 924
370 970
371 409
371 590
371 624
371 789
371 796
371 8
371 838
372 381
372 456
372 575
372 721
372 729
372 92
373 768
373 945
374 410
374 417
374 5
374 505
374 529
374 616
374 69
375 593
375 620
375 791
375 919
376 500
376 577
376 61
376 718
376 729
376 730
376 801
376 957
376 971
376 973
377 482
377 534
377 560
377 655
377 763
378 390
378 400
378 415
378 466
378 469
378 480
378 695
378 750
378 766
378 837
378 872
379 521
379 6
379 660
379 787
379 815
38 471
38 582
38 73
38 838
38 855
380 445
380 508
380 515
380 647
380 652
380 689
380 717
380 74
380 92
380 979
381 596
381 753
381 818
381 886
381 908
381 918
381 948
382 430
382 443
382 554
382 563
382 65
382 667
382 713
383 516
383 613
383 65
383 894
383 989
383 998
384 427
384 448
384 467
384 482
384 490
384 67
384 86
384 9
384 967
385 422
385 433
385 546
385 565
385 579
385 664
385 722
385 782
385 904
386 422
386 464
386 620
386 781
386 782
386 794
386 812
386 97
386 991
387 471
387 544
387 560
387 582
387 699
387 739
387 879
388 487
388 528
388 60
388 610
388 615
388 730
388 832
388 865
389 464
389 545
389 566
389 66
389 872
389 879
389 899
389 97
39 60
39 614
39 855
39 909
390 481
390 522
390 531
390 596
390 709
390 815
390 903
390 944
391 526
391 957
392 564
392 680
392 768
392 855
393 482
393 489
393 684
393 718
393 724
393 901
393 97
394 422
394 557
394 674
394 750
394 84
394 98
394 990
395 432
395 495
395 548
395 623
395 674
395 717
395 782
395 901
395 929
395 950
396 400
396 402
396 463
396 473
396 492
396 565
396 579
396 605
396 702
396 747
396 748
396 758
396 783
396 817
396 965
397 472
397 496
397 528
397 540
397 64
397 682
397 720
397 8
397 898
397 913
398 430
398 448
398 506
398 595
398 612
398 637
398 67
398 779
398 803
399 467
399 534
399 749
399 767
399 866
399 875
399 905
399 943
399 973
4 465
4 528
4 571
4 702
4 725
4 731
4 739
4 895
4 953
40 536
40 690
400 412
400 553
400 563
400 622
400 710
401 434
401 504
401 518
401 584
401 603
401 647
401 722
401 812
401 954
402 418
402 424
402 476
402 507
402 709
402 849
402 938
403 55
403 652
403 823
403 868
403 879
404 480
404 544
404 577
404 608
404 661
404 686
404 829
404 973
405 461
405 543
405 644
405 837
405 841
405 950
406 416
406 639
406 898
406 917
406 989
407 436
407 499
407 597
407 621
407 640
407 735
407 740
407 863
408 521
408 570
409 420
409 437
409 833
41 547
41 579
41 793
41 795
41 852
41 868
41 895
41 903
41 955
411 500
411 564
411 662
411 724
411 738
411 842
411 916
412 632
412 633
412 652
412 697
412 998
413 420
413 542
413 634
413 756
413 82
413 84
414 514
414 605
414 715
414 824
414 891
414 987
415 49
416 494
416 531
416 571
416 665
416 769
416 878
416 895
416 906
417 47
417 55
417 66
417 712
417 923
418 427
418 434
418 473
418 565
418 6
418 639
418 644
418 70
418 883
418 914
418 989
419 559
419 622
419 670
419 683
419 741
419 748
419 829
42 443
42 477
42 527
42 552
42 617
42 662
42 679
42 908
42 965
420 457
420 513
420 590
420 66
420 835
421 447
421 451
421 608
421 708
421 792
421 830
421 903
422 505
422 545
422 576
422 619
422 625
422 700
423 639
423 716
423 767
423 840
424 551
424 639
424 642
424 699
424 7
424 932
425 530
425 693
425 712
425 751
425 770
425 901
426 443
426 554
426 93
427 473
427 541
427 63
427 73
427 875
427 933
427 948
428 491
428 55
428 628
428 976
428 983
429 520
429 550
429 612
429 654
429 793
43 562
43 654
43 736
43 845
43 848
43 88
43 901
43 907
430 596
430 597
430 750
430 761
430 792
430 834
430 877
430 881
430 904
430 975
431 457
431 527
431 677
431 703
431 811
431 812
431 874
431 930
431 932
432 599
432 693
432 761
432 766
432 773
432 928
432 954
432 976
433 436
433 454
433 584
433 605
433 684
433 791
433 960
433 974
434 514
434 543
434 600
434 870
434 876
434 919
434 951
434 954
435 543
435 867
435 913
436 439
436 560
436 648
436 928
436 954
436 985
437 578
437 638
437 643
437 674
437 805
438 514
438 587
439 450
439 484
439 497
439 561
439 645
439 719
439 726
439 95
44 442
44 712
44 767
440 498
440 538
440 559
440 578
440 747
440 784
440 80
440 826
440 99
441 575
441 591
441 709
441 808
441 820
441 917
441 925
442 538
442 57
442 628
442 694
442 849
442 883
442 907
443 484
443 581
443 680
443 762
443 831
443 950
443 961
444 463
444 49
444 546
444 573
444 711
444 76
444 762
444 798
444 83
444 858
445 63
445 652
445 926
445 966
446 554
446 566
446 674
447 459
447 483
447 689
447 720
447 747
447 954
448 517
448 595
448 706
448 718
448 803
448 817
448 903
448 91
448 977
449 548
449 617
449 623
449 651
449 829
449 86
449 894
449 968
45 471
45 530
45 662
450 535
450 66
450 662
450 818
450 895
451 482
451 702
451 779
451 788
451 823
451 890
451 965
452 666
452 67
452 732
452 764
453 462
453 483
453 505
453 590
453 599
453 813
454 882
454 916
454 917
454 978
455 471
455 498
455 799
455 81
456 911
456 982
457 53
457 558
457 559
457 610
457 716
457 737
457 781
457 881
457 911
457 96
457 975
458 485
458 51
458 651
458 698
458 911
458 934
459 77
459 980
46 515
46 561
46 58
46 642
460 578
460 901
461 505
461 524
461 60
461 676
462 499
462 516
462 560
462 656
462 692
462 936
462 990
463 633
463 990
464 597
464 678
464 825
464 933
464 999
465 512
465 626
465 877
465 891
465 900
465 930
465 932
466 605
466 856
467 56
467 589
467 766
467 907
467 943
468 589
468 918
468 920
468 950
469 586
469 599
469 706
469 770
469 895
469 939
47 588
47 60
47 780
47 868
47 892
47 897
47 898
470 480
470 509
470 66
470 766
471 502
471 593
471 658
471 728
471 743
471 794
471 906
471 971
471 981
471 992
472 497
472 662
472 70
473 490
473 719
473 796
474 633
474 71
474 730
474 81
474 958
475 481
475 663
475 678
475 743
475 8
475 818
475 935
475 946
476 494
476 602
476 7
476 703
476 843
476 979
476 984
477 68
477 731
477 787
477 837
477 854
478 497
478 520
478 63
478 719
478 726
478 739
478 791
478 838
478 90
479 516
479 546
479 814
48 560
48 580
48 688
48 709
48 748
48 861
48 887
48 894
48 933
48 935
48 966
48 976
480 507
480 587
480 795
480 805
480 900
481 587
481 671
481 815
481 903
482 51
482 569
482 701
482 809
482 89
482 971
483 493
483 499
483 604
483 715
483 802
483 912
484 549
484 594
484 615
484 78
484 795
484 84
484 858
484 993
485 649
485 70
485 783
485 814
485 861
485 898
485 92
486 494
486 528
486 9
487 511
487 564
487 570
487 625
487 637
487 731
487 86
487 920
488 664
488 834
488 955
489 587
489 744
489 8
489 956
49 526
49 629
49 664
49 753
49 860
49 985
490 514
490 612
490 659
490 672
490 938
491 607
491 643
491 709
491 792
491 803
491 812
491 984
492 496
492 538
492 599
492 632
492 651
492 675
492 818
492 867
492 880
493 552
493 707
493 827
493 896
494 541
494 587
494 70
494 702
494 739
494 779
495 717
495 902
495 953
495 966
495 988
496 547
496 575
496 600
496 609
496 646
496 746
496 894
496 902
497 598
497 626
497 656
497 818
497 837
497 972
498 66
498 701
498 726
498 856
498 894
499 582
499 597
499 618
499 640
499 68
499 752
499 818
5 505
5 74
5 85
5 919
5 986
50 501
50 619
50 860
50 898
50 92
500 558
500 560
500 569
500 743
500 746
500 803
500 910
500 917
501 745
501 864
501 979
501 98
502 524
502 636
502 777
502 793
502 831
503 531
503 563
503 589
503 591
503 642
503 683
503 743
503 765
503 871
504 516
504 721
504 820
504 908
504 926
505 521
505 63
505 952
506 529
506 609
506 631
506 647
506 922
506 958
506 983
507 562
507 566
507 585
507 663
507 843
507 984
508 53
508 578
508 945
508 97
509 524
509 571
509 698
51 602
51 622
51 774
51 780
51 817
51 824
51 878
51 879
51 898
51 908
51 924
510 513
510 604
510 713
510 769
510 794
510 951
510 983
510 984
511 69
511 746
511 776
512 741
512 753
512 833
512 857
512 953
513 562
513 578
513 597
513 659
513 718
513 792
513 979
514 560
514 562
514 676
514 779
514 79
514 806
514 843
514 871
514 944
514 955
515 550
515 745
515 859
515 935
516 574
516 663
516 707
516 899
516 929
516 954
516 955
517 538
517 588
517 696
517 705
517 8
517 998
518 815
518 994
519 63
519 661
519 721
519 760
519 841
519 850
519 861
519 886
519 957
52 568
52 609
52 673
52 675
52 690
52 790
52 832
52 84
52 913
52 981
520 610
520 90
521 636
521 690
521 933
521 943
522 580
522 696
522 853
523 700
523 734
524 645
524 659
524 72
524 728
524 764
524 774
524 977
524 983
524 999
525 733
525 747
525 779
525 985
525 994
525 996
525 997
526 576
526 769
526 925
527 615
527 660
527 72
527 737
527 762
527 8
527 907
527 968
528 532
528 559
528 576
528 646
528 829
528 995
529 769
529 78
529 850
529 96
529 961
53 743
530 647
530 723
530 774
530 830
530 832
530 954
531 609
531 629
531 706
531 787
531 79
531 932
532 665
532 726
532 768
532 894
532 942
532 981
533 54
533 542
533 647
533 788
533 816
534 591
534 830
534 899
534 922
534 932
535 577
535 727
535 732
535 799
535 807
535 888
535 94
536 561
536 863
536 924
536 97
536 989
537 597
537 646
537 904
538 584
538 676
538 830
539 559
539 773
54 852
54 88
540 723
540 910
540 92
540 94
540 97
540 974
541 553
541 667
541 679
541 796
541 803
541 938
542 61
542 656
542 799
542 842
542 904
543 582
543 982
543 983
543 992
544 680
544 792
544 864
544 976
545 659
545 694
545 755
545 839
545 882
545 934
545 967
545 982
546 700
546 707
546 878
547 602
547 603
547 64
547 767
547 857
548 574
548 749
548 822
548 827
548 836
548 986
549 574
549 575
549 632
549 668
549 674
549 815
549 816
549 964
549 999
55 555
55 671
55 720
55 966
550 567
550 62
550 697
550 785
550 821
550 842
550 945
551 642
551 747
551 832
551 843
551 925
552 574
552 729
552 772
552 854
552 938
552 942
552 947
553 59
553 736
553 768
553 967
554 651
554 688
554 702
554 794
554 951
555 562
555 585
555 803
556 577
556 800
556 824
556 929
557 650
557 757
557 860
557 908
558 617
558 754
558 780
558 784
558 797
558 851
558 953
559 673
559 7
559 738
559 793
559 896
559 924
559 954
56 677
56 688
56 70
56 866
560 615
560 766
560 846
560 946
561 863
561 887
561 948
561 953
561 958
561 968
562 628
562 848
562 857
562 926
562 97
562 988
563 661
563 787
563 852
563 989
564 593
564 609
564 626
564 686
564 893
565 580
565 585
565 631
565 781
565 798
565 840
565 966
565 992
566 831
566 933
566 959
567 587
567 696
567 832
567 879
567 949
567 957
568 594
568 912
568 916
569 668
569 677
569 758
569 76
569 78
569 786
569 792
569 809
569 869
569 947
57 602
57 730
57 755
57 80
57 874
57 982
570 604
570 750
570 86
570 910
571 609
571 677
571 699
571 869
571 900
572 802
572 901
572 92
572 935
573 698
574 637
574 658
575 673
575 681
575 694
575 697
575 703
575 874
575 891
575 910
575 911
576 668
576 751
576 900
576 962
577 719
577 780
577 810
577 919
577 959
577 993
578 586
578 61
578 618
578 713
578 741
578 773
578 805
578 825
578 840
579 608
579 633
579 677
579 89
58 607
58 658
58 8
58 831
58 927
58 966
580 595
580 629
580 631
580 697
580 757
580 889
580 919
581 606
581 618
581 635
581 693
581 700
581 808
581 851
581 927
582 59
582 600
582 688
582 751
582 799
582 837
582 88
582 942
583 609
583 791
583 827
584 636
584 653
584 742
584 764
584 791
584 841
585 606
585 69
585 724
585 805
585 945
585 958
585 974
586 697
586 75
586 952
586 995
587 681
587 789
587 908
588 61
588 629
588 715
588 736
588 812
588 863
588 903
59 661
59 766
59 926
590 652
590 681
590 974
590 997
591 734
591 895
592 720
592 735
592 814
592 935
593 621
593 643
593 79
593 837
593 885
595 60
595 642
595 741
596 770
596 860
596 909
596 944
597 606
597 727
597 82
597 891
598 604
598 624
598 834
598 946
598 967
599 67
599 947
599 970
6 602
6 61
6 774
6 877
6 954
60 880
60 90
60 978
60 983
600 617
600 730
600 763
600 802
600 804
600 814
600 887
601 635
601 664
601 671
601 702
601 788
601 872
601 879
601 92
601 968
602 638
602 71
602 845
602 890
603 739
604 664
604 720
604 831
604 896
604 974
604 978
605 64
605 675
605 725
605 872
605 950
605 96
606 811
606 827
606 927
607 882
608 636
608 731
608 735
608 795
608 809
608 872
608 897
608 954
609 664
609 767
609 848
609 894
609 907
609 977
61 681
61 75
610 639
610 680
610 706
610 894
610 934
610 944
611 651
611 878
611 92
611 956
611 966
612 660
612 675
612 696
612 924
613 747
613 807
613 983
613 996
614 635
614 689
614 743
614 854
615 705
615 732
615 825
616 675
616 705
616 930
617 718
617 807
617 830
618 676
618 714
618 72
618 782
619 723
619 745
619 778
619 780
619 946
62 679
62 894
620 748
620 786
620 960
621 795
621 830
621 838
622 651
622 989
623 688
623 790
623 848
623 9
624 639
624 737
625 78
625 996
627 717
627 758
627 773
627 828
627 849
627 962
628 692
628 745
628 922
629 646
629 659
629 692
629 898
63 763
63 866
63 869
63 871
63 904
63 989
630 804
630 992
631 845
632 706
632 796
633 734
633 782
633 790
633 837
633 892
633 954
634 879
634 920
634 929
634 997
635 643
635 837
635 928
635 942
635 989
636 69
636 723
636 937
636 946
637 779
637 869
637 92
638 665
638 932
639 657
639 668
639 735
639 848
639 93
639 990
64 680
64 687
64 901
640 898
640 918
640 983
641 695
642 787
642 881
642 897
643 729
643 741
643 949
643 988
644 668
644 698
644 770
644 871
645 737
645 775
645 949
646 768
646 858
647 707
647 73
647 768
647 829
647 976
648 827
648 832
649 668
649 695
649 784
649 843
65 656
65 774
65 779
65 787
650 884
651 673
651 694
651 981
652 66
652 725
652 751
652 867
652 878
652 896
653 769
653 822
653 923
653 982
653 99
654 667
654 875
654 926
655 722
655 734
655 74
655 745
655 761
655 833
655 850
655 870
656 667
656 78
656 870
656 883
656 958
657 913
658 732
658 77
658 936
658 959
659 785
659 801
659 908
659 942
66 826
66 99
660 838
660 864
660 985
660 987
661 677
661 713
661 922
662 664
662 745
662 798
662 834
663 764
663 811
663 84
663 999
664 683
664 735
664 853
664 887
665 766
665 806
665 816
665 83
665 873
665 891
665 962
665 993
666 670
666 714
666 792
666 974
667 760
667 817
667 876
667 939
667 946
667 953
667 973
669 686
669 881
669 960
67 850
670 767
670 869
670 906
670 959
671 892
671 921
671 951
671 957
672 89
672 922
672 939
673 75
673 791
673 794
673 81
674 999
675 736
675 901
675 91
675 970
676 802
676 881
677 812
677 822
677 91
678 74
678 845
678 87
678 963
679 832
679 904
68 757
68 784
680 689
680 778
680 885
680 938
681 797
681 805
681 977
682 921
682 969
683 715
683 765
683 867
683 877
684 728
684 823
685 807
685 860
685 951
686 687
686 753
686 756
686 76
686 809
686 831
686 912
686 955
686 956
687 852
687 891
688 865
688 958
689 801
689 864
689 916
69 697
690 826
690 925
690 975
691 742
692 935
693 805
693 93
693 980
694 7
694 932
694 948
695 854
695 861
695 972
696 816
696 880
696 904
696 940
697 722
697 879
697 996
698 707
698 803
699 864
7 980
70 79
70 80
70 896
700 873
700 994
701 704
701 842
702 891
702 919
702 983
703 854
703 857
703 860
704 722
704 752
704 807
704 896
704 910
704 980
705 8
705 88
705 900
705 905
706 710
706 752
706 845
706 868
706 948
707 766
707 916
708 734
708 872
708 9
708 906
709 820
709 845
709 905
709 907
71 731
71 788
71 81
710 753
710 769
710 877
710 967
711 871
711 9
712 853
712 980
713 793
714 902
715 777
715 790
715 803
715 81
715 847
715 942
716 741
716 862
717 838
718 759
718 805
719 720
719 734
719 758
719 929
719 935
719 942
72 749
72 788
72 860
720 789
720 913
720 956
721 962
722 726
722 757
722 791
722 977
722 978
722 980
722 992
723 756
723 81
723 864
723 956
723 964
724 898
725 739
725 772
726 74
726 776
726 799
726 914
727 753
727 876
727 926
728 775
728 848
728 994
729 785
729 826
73 770
73 783
73 821
73 884
730 92
731 832
731 913
732 846
732 851
732 868
732 95
733 823
734 98
734 988
735 746
735 957
735 962
735 997
736 772
736 872
736 978
737 780
737 850
737 898
737 916
737 967
737 970
738 750
738 770
738 847
738 869
739 83
739 930
74 814
740 800
740 968
741 791
741 810
741 891
742 812
742 967
742 990
743 817
743 836
743 89
743 999
744 824
744 859
744 87
744 980
745 80
745 840
745 948
745 960
746 75
746 79
746 798
746 892
746 911
746 938
746 98
746 993
746 997
747 851
747 893
747 919
747 940
747 949
747 965
748 777
749 924
75 77
75 78
75 926
750 757
750 945
751 776
751 835
751 86
751 871
751 881
751 940
752 764
752 769
752 811
752 851
752 997
753 957
754 767
754 853
754 92
754 939
755 972
756 872
756 929
759 815
759 846
759 933
759 97
76 814
76 898
76 899
76 904
76 966
76 978
760 843
760 874
760 902
762 773
762 818
762 932
762 983
763 888
763 99
763 995
764 840
764 880
764 937
765 831
765 953
766 938
766 991
767 811
767 846
767 906
767 97
768 794
768 828
768 838
768 89
769 849
77 789
77 853
77 879
77 940
771 960
772 854
772 86
772 922
772 948
772 979
773 787
773 892
773 968
773 97
774 782
774 848
774 880
776 894
777 78
777 854
777 934
777 978
779 939
78 898
780 820
780 88
781 834
781 878
781 997
782 786
782 951
783 838
784 811
784 813
784 854
784 908
784 991
784 998
785 849
785 979
786 820
786 897
787 821
788 930
789 82
789 85
789 862
789 884
789 952
789 980
79 890
79 900
79 913
790 863
790 914
792 819
792 85
792 876
793 833
793 852
793 977
793 981
794 826
794 925
794 991
795 894
796 873
796 931
796 991
797 861
797 897
798 826
798 944
799 873
799 890
8 800
8 987
80 888
80 953
800 90
800 985
802 896
802 918
802 928
803 808
803 862
803 929
803 976
804 843
804 847
804 911
805 825
805 830
806 91
807 858
807 863
807 918
807 963
808 813
808 82
808 839
808 871
808 972
809 886
81 902
81 947
81 955
81 983
810 991
812 83
813 971
813 977
814 857
814 926
815 874
816 87
816 95
816 961
816 994
817 976
817 996
818 882
818 964
819 872
82 961
820 943
821 972
821 981
822 830
822 942
824 830
824 873
825 885
825 896
825 897
825 927
826 903
826 943
827 868
827 880
827 919
827 942
828 849
828 861
828 874
828 878
828 909
828 995
829 864
829 867
829 874
829 915
829 918
829 976
829 992
83 864
83 927
831 958
832 959
832 970
834 842
834 938
834 968
835 841
835 921
836 897
836 940
837 853
837 963
838 885
839 85
84 894
841 879
842 976
845 966
847 904
847 917
848 871
848 947
85 90
85 920
85 923
85 939
85 979
851 916
852 908
852 964
854 980
855 874
855 984
856 91
856 938
857 969
858 912
858 966
859 931
86 925
86 97
860 867
861 957
861 960
861 961
861 999
863 864
863 899
863 920
864 907
864 911
865 985
868 947
869 964
87 91
87 975
870 962
870 965
872 888
872 965
872 972
875 885
877 881
877 89
879 975
88 888
88 905
880 917
880 954
880 976
881 903
881 966
883 900
884 898
884 914
884 936
885 912
885 951
885 961
887 944
888 936
888 99
890 903
892 912
892 962
893 98
894 964
894 975
896 909
896 959
897 953
898 940
898 970
898 974
898 975
899 969
899 974
9 932
9 933
9 957
902 932
903 91
903 938
903 939
906 97
907 97
908 955
91 912
911 948
913 992
916 957
917 974
918 95
918 963
919 92
919 955
919 986
922 998
923 979
924 952
924 990
925 948
925 973
926 931
926 980
927 947
927 985
929 953
931 944
931 991
932 944
936 965
936 966
936 968
936 976
938 992
942 989
944 979
945 949
945 959
946 968
95 953
953 954
954 999
956 977
959 996
96 995
96 998
964 965
965 983
978 986
981 993
983 992
984 989
99 993
990 999
